#
#Feature symbol names
#
$0 r5.91
$1 r10

#
#Feature attribute names
#
#
#Layer features
#
L 0.162456 0.55133 0.477416 0.55133 0 P 0
A 0.47715600 0.00000000 0.47763600 0.55121000 0.32493500 0.27573700 0 P 0 N
L 0.477416 0.00015 0.162456 0.00015 0 P 0
A 0.16272600 0.55148000 0.16224600 0.00027000 0.31493600 0.27574200 0 P 0 N
A 0.10537600 0.27574000 0.10537600 0.27574000 0.06600600 0.27574000 0 P 0 N
A 0.08686600 0.35290000 0.08686600 0.35290000 0.06521600 0.35290000 0 P 0 N
A 0.61324600 0.27574000 0.61324600 0.27574000 0.57387600 0.27574000 0 P 0 N
A 0.59513600 0.19779000 0.59513600 0.19779000 0.57348600 0.19779000 0 P 0 N
L 0.388556 0.48784 0.468556 0.48784 1 P 0
L 0.428556 0.44784 0.428556 0.52784 1 P 0
L 0.278556 0.48784 0.358556 0.48784 1 P 0
L 0.318556 0.44784 0.318556 0.52784 1 P 0
L 0.158556 0.48784 0.238556 0.48784 1 P 0
L 0.198556 0.44784 0.198556 0.52784 1 P 0
L 0.142146 0.25936 0.222146 0.33936 1 P 0
L 0.142146 0.33936 0.222146 0.25936 1 P 0
L 0.424836 0.16611 0.504836 0.16611 1 P 0
L 0.504836 0.16611 0.504836 0.24611 1 P 0
L 0.504836 0.24611 0.424836 0.24611 1 P 0
L 0.424836 0.24611 0.424836 0.16611 1 P 0
L 0.464836 0.20611 0.464836 0.24611 1 P 0
L 0.291935 0.14474 0.371936 0.14474 1 P 0
L 0.371936 0.14474 0.371936 0.22474 1 P 0
L 0.371936 0.22474 0.291935 0.22474 1 P 0
L 0.291935 0.22474 0.291935 0.14474 1 P 0
L 0.331936 0.18474 0.331936 0.22474 1 P 0
L 0.440936 0.22774 0.520936 0.30774 1 P 0
L 0.440936 0.30774 0.520936 0.22774 1 P 0
L 0.315936 0.20774 0.395936 0.20774 1 P 0
L 0.395936 0.20774 0.395936 0.28774 1 P 0
L 0.395936 0.28774 0.315936 0.28774 1 P 0
L 0.315936 0.28774 0.315936 0.20774 1 P 0
L 0.355936 0.24774 0.355936 0.28774 1 P 0
L 0.142146 0.31054 0.222146 0.39054 1 P 0
L 0.142146 0.39054 0.222146 0.31054 1 P 0
L 0.440936 0.38874 0.520936 0.46874 1 P 0
L 0.440936 0.46874 0.520936 0.38874 1 P 0
L 0.411936 0.31974 0.491936 0.39974 1 P 0
L 0.411936 0.39974 0.491936 0.31974 1 P 0
L -2.80801 -0.76741 -0.228014 -0.76741 1 P 0
L -2.80801 -1.00741 -0.228014 -1.00741 1 P 0
L -2.80801 -1.24741 -0.228014 -1.24741 1 P 0
L -2.80801 -1.48741 -0.228014 -1.48741 1 P 0
L -2.80801 -1.72741 -0.228014 -1.72741 1 P 0
L -2.80801 -0.76741 -2.80801 -1.72741 1 P 0
L -1.96801 -0.76741 -1.96801 -1.72741 1 P 0
L -1.60801 -0.76741 -1.60801 -1.72741 1 P 0
L -1.24801 -0.76741 -1.24801 -1.72741 1 P 0
L -0.708014 -0.76741 -0.708014 -1.72741 1 P 0
L -0.228014 -0.76741 -0.228014 -1.72741 1 P 0
L -2.45301 -0.87991 -2.45846 -0.87241 1 P 0
L -2.45846 -0.87241 -2.46665 -0.86866 1 P 0
L -2.46665 -0.86866 -2.47756 -0.86866 1 P 0
L -2.47756 -0.86866 -2.48574 -0.87241 1 P 0
L -2.48574 -0.87241 -2.49119 -0.87991 1 P 0
L -2.49119 -0.87991 -2.49119 -0.88741 1 P 0
L -2.49119 -0.88741 -2.48846 -0.89491 1 P 0
L -2.48846 -0.89491 -2.48574 -0.89866 1 P 0
L -2.48574 -0.89866 -2.48028 -0.90241 1 P 0
L -2.48028 -0.90241 -2.46392 -0.90991 1 P 0
L -2.46392 -0.90991 -2.45846 -0.91366 1 P 0
L -2.45846 -0.91366 -2.45574 -0.91741 1 P 0
L -2.45574 -0.91741 -2.45301 -0.92491 1 P 0
L -2.45301 -0.92491 -2.45301 -0.93616 1 P 0
L -2.45301 -0.93616 -2.45846 -0.94366 1 P 0
L -2.45846 -0.94366 -2.46665 -0.94741 1 P 0
L -2.46665 -0.94741 -2.47756 -0.94741 1 P 0
L -2.47756 -0.94741 -2.48574 -0.94366 1 P 0
L -2.48574 -0.94366 -2.49119 -0.93616 1 P 0
L -2.42846 -0.86866 -2.42846 -0.94741 1 P 0
L -2.36574 -0.86866 -2.40392 -0.94741 1 P 0
L -2.40392 -0.86866 -2.36574 -0.86866 1 P 0
L -2.40392 -0.94741 -2.36574 -0.94741 1 P 0
L -2.34119 -0.86866 -2.34119 -0.94741 1 P 0
L -2.34119 -0.86866 -2.30574 -0.86866 1 P 0
L -2.34119 -0.90616 -2.31937 -0.90616 1 P 0
L -2.34119 -0.94741 -2.30574 -0.94741 1 P 0
L -1.86937 -0.86866 -1.87483 -0.87241 1 P 0
L -1.87483 -0.87241 -1.88028 -0.87991 1 P 0
L -1.88028 -0.87991 -1.88301 -0.88741 1 P 0
L -1.88301 -0.88741 -1.88574 -0.89866 1 P 0
L -1.88574 -0.89866 -1.88574 -0.91741 1 P 0
L -1.88574 -0.91741 -1.88301 -0.92866 1 P 0
L -1.88301 -0.92866 -1.88028 -0.93616 1 P 0
L -1.88028 -0.93616 -1.87483 -0.94366 1 P 0
L -1.87483 -0.94366 -1.86937 -0.94741 1 P 0
L -1.86937 -0.94741 -1.85846 -0.94741 1 P 0
L -1.85846 -0.94741 -1.85301 -0.94366 1 P 0
L -1.85301 -0.94366 -1.84756 -0.93616 1 P 0
L -1.84756 -0.93616 -1.84483 -0.92866 1 P 0
L -1.84483 -0.92866 -1.8421 -0.91741 1 P 0
L -1.8421 -0.91741 -1.8421 -0.89866 1 P 0
L -1.8421 -0.89866 -1.84483 -0.88741 1 P 0
L -1.84483 -0.88741 -1.84756 -0.87991 1 P 0
L -1.84756 -0.87991 -1.85301 -0.87241 1 P 0
L -1.85301 -0.87241 -1.85846 -0.86866 1 P 0
L -1.85846 -0.86866 -1.86937 -0.86866 1 P 0
L -1.86119 -0.93241 -1.84483 -0.95491 1 P 0
L -1.79846 -0.86866 -1.79846 -0.94741 1 P 0
L -1.81756 -0.86866 -1.77937 -0.86866 1 P 0
L -1.75483 -0.86866 -1.73301 -0.90616 1 P 0
L -1.73301 -0.90616 -1.73301 -0.94741 1 P 0
L -1.71119 -0.86866 -1.73301 -0.90616 1 P 0
L -1.48756 -0.87991 -1.49301 -0.87241 1 P 0
L -1.49301 -0.87241 -1.50119 -0.86866 1 P 0
L -1.50119 -0.86866 -1.5121 -0.86866 1 P 0
L -1.5121 -0.86866 -1.52028 -0.87241 1 P 0
L -1.52028 -0.87241 -1.52574 -0.87991 1 P 0
L -1.52574 -0.87991 -1.52574 -0.88741 1 P 0
L -1.52574 -0.88741 -1.52301 -0.89491 1 P 0
L -1.52301 -0.89491 -1.52028 -0.89866 1 P 0
L -1.52028 -0.89866 -1.51483 -0.90241 1 P 0
L -1.51483 -0.90241 -1.49846 -0.90991 1 P 0
L -1.49846 -0.90991 -1.49301 -0.91366 1 P 0
L -1.49301 -0.91366 -1.49028 -0.91741 1 P 0
L -1.49028 -0.91741 -1.48756 -0.92491 1 P 0
L -1.48756 -0.92491 -1.48756 -0.93616 1 P 0
L -1.48756 -0.93616 -1.49301 -0.94366 1 P 0
L -1.49301 -0.94366 -1.50119 -0.94741 1 P 0
L -1.50119 -0.94741 -1.5121 -0.94741 1 P 0
L -1.5121 -0.94741 -1.52028 -0.94366 1 P 0
L -1.52028 -0.94366 -1.52574 -0.93616 1 P 0
L -1.46301 -0.86866 -1.44119 -0.90616 1 P 0
L -1.44119 -0.90616 -1.44119 -0.94741 1 P 0
L -1.41937 -0.86866 -1.44119 -0.90616 1 P 0
L -1.39483 -0.86866 -1.39483 -0.94741 1 P 0
L -1.39483 -0.86866 -1.37301 -0.94741 1 P 0
L -1.35119 -0.86866 -1.37301 -0.94741 1 P 0
L -1.35119 -0.86866 -1.35119 -0.94741 1 P 0
L -1.13301 -0.86866 -1.13301 -0.94741 1 P 0
L -1.13301 -0.86866 -1.10846 -0.86866 1 P 0
L -1.10846 -0.86866 -1.10028 -0.87241 1 P 0
L -1.10028 -0.87241 -1.09756 -0.87616 1 P 0
L -1.09756 -0.87616 -1.09483 -0.88366 1 P 0
L -1.09483 -0.88366 -1.09483 -0.89491 1 P 0
L -1.09483 -0.89491 -1.09756 -0.90241 1 P 0
L -1.09756 -0.90241 -1.10028 -0.90616 1 P 0
L -1.10028 -0.90616 -1.10846 -0.90991 1 P 0
L -1.10846 -0.90991 -1.13301 -0.90991 1 P 0
L -1.07028 -0.86866 -1.07028 -0.94741 1 P 0
L -1.07028 -0.94741 -1.03756 -0.94741 1 P 0
L -0.991194 -0.86866 -1.01301 -0.94741 1 P 0
L -0.991194 -0.86866 -0.969374 -0.94741 1 P 0
L -1.00483 -0.92116 -0.977564 -0.92116 1 P 0
L -0.925744 -0.86866 -0.925744 -0.94741 1 P 0
L -0.944834 -0.86866 -0.906654 -0.86866 1 P 0
L -0.882104 -0.86866 -0.882104 -0.94741 1 P 0
L -0.882104 -0.86866 -0.846654 -0.86866 1 P 0
L -0.882104 -0.90616 -0.860284 -0.90616 1 P 0
L -0.882104 -0.94741 -0.846654 -0.94741 1 P 0
L -0.822104 -0.86866 -0.822104 -0.94741 1 P 0
L -0.822104 -0.86866 -0.803014 -0.86866 1 P 0
L -0.803014 -0.86866 -0.794834 -0.87241 1 P 0
L -0.794834 -0.87241 -0.789374 -0.87991 1 P 0
L -0.789374 -0.87991 -0.786654 -0.88741 1 P 0
L -0.786654 -0.88741 -0.783924 -0.89866 1 P 0
L -0.783924 -0.89866 -0.783924 -0.91741 1 P 0
L -0.783924 -0.91741 -0.786654 -0.92866 1 P 0
L -0.786654 -0.92866 -0.789374 -0.93616 1 P 0
L -0.789374 -0.93616 -0.794834 -0.94366 1 P 0
L -0.794834 -0.94366 -0.803014 -0.94741 1 P 0
L -0.803014 -0.94741 -0.822104 -0.94741 1 P 0
L -0.541194 -0.86866 -0.541194 -0.94741 1 P 0
L -0.560284 -0.86866 -0.522104 -0.86866 1 P 0
L -0.481194 -0.86866 -0.486654 -0.87241 1 P 0
L -0.486654 -0.87241 -0.492104 -0.87991 1 P 0
L -0.492104 -0.87991 -0.494834 -0.88741 1 P 0
L -0.494834 -0.88741 -0.497564 -0.89866 1 P 0
L -0.497564 -0.89866 -0.497564 -0.91741 1 P 0
L -0.497564 -0.91741 -0.494834 -0.92866 1 P 0
L -0.494834 -0.92866 -0.492104 -0.93616 1 P 0
L -0.492104 -0.93616 -0.486654 -0.94366 1 P 0
L -0.486654 -0.94366 -0.481194 -0.94741 1 P 0
L -0.481194 -0.94741 -0.470284 -0.94741 1 P 0
L -0.470284 -0.94741 -0.464834 -0.94366 1 P 0
L -0.464834 -0.94366 -0.459374 -0.93616 1 P 0
L -0.459374 -0.93616 -0.456654 -0.92866 1 P 0
L -0.456654 -0.92866 -0.453924 -0.91741 1 P 0
L -0.453924 -0.91741 -0.453924 -0.89866 1 P 0
L -0.453924 -0.89866 -0.456654 -0.88741 1 P 0
L -0.456654 -0.88741 -0.459374 -0.87991 1 P 0
L -0.459374 -0.87991 -0.464834 -0.87241 1 P 0
L -0.464834 -0.87241 -0.470284 -0.86866 1 P 0
L -0.470284 -0.86866 -0.481194 -0.86866 1 P 0
L -0.429374 -0.86866 -0.429374 -0.94741 1 P 0
L -0.429374 -0.94741 -0.396654 -0.94741 1 P 0
L -2.73165 -1.10866 -2.73983 -1.11241 1 P 0
L -2.73983 -1.11241 -2.74528 -1.12366 1 P 0
L -2.74528 -1.12366 -2.74801 -1.14241 1 P 0
L -2.74801 -1.14241 -2.74801 -1.15366 1 P 0
L -2.74801 -1.15366 -2.74528 -1.17241 1 P 0
L -2.74528 -1.17241 -2.73983 -1.18366 1 P 0
L -2.73983 -1.18366 -2.73165 -1.18741 1 P 0
L -2.73165 -1.18741 -2.72619 -1.18741 1 P 0
L -2.72619 -1.18741 -2.71801 -1.18366 1 P 0
L -2.71801 -1.18366 -2.71256 -1.17241 1 P 0
L -2.71256 -1.17241 -2.70983 -1.15366 1 P 0
L -2.70983 -1.15366 -2.70983 -1.14241 1 P 0
L -2.70983 -1.14241 -2.71256 -1.12366 1 P 0
L -2.71256 -1.12366 -2.71801 -1.11241 1 P 0
L -2.71801 -1.11241 -2.72619 -1.10866 1 P 0
L -2.72619 -1.10866 -2.73165 -1.10866 1 P 0
L -2.68256 -1.17991 -2.68528 -1.18366 1 P 0
L -2.68528 -1.18366 -2.68256 -1.18741 1 P 0
L -2.68256 -1.18741 -2.67983 -1.18366 1 P 0
L -2.67983 -1.18366 -2.68256 -1.17991 1 P 0
L -2.61983 -1.10866 -2.6471 -1.10866 1 P 0
L -2.6471 -1.10866 -2.64983 -1.14241 1 P 0
L -2.64983 -1.14241 -2.6471 -1.13866 1 P 0
L -2.6471 -1.13866 -2.63892 -1.13491 1 P 0
L -2.63892 -1.13491 -2.63074 -1.13491 1 P 0
L -2.63074 -1.13491 -2.62256 -1.13866 1 P 0
L -2.62256 -1.13866 -2.6171 -1.14616 1 P 0
L -2.6171 -1.14616 -2.61437 -1.15741 1 P 0
L -2.61437 -1.15741 -2.6171 -1.16491 1 P 0
L -2.6171 -1.16491 -2.61983 -1.17616 1 P 0
L -2.61983 -1.17616 -2.62528 -1.18366 1 P 0
L -2.62528 -1.18366 -2.63346 -1.18741 1 P 0
L -2.63346 -1.18741 -2.64165 -1.18741 1 P 0
L -2.64165 -1.18741 -2.64983 -1.18366 1 P 0
L -2.64983 -1.18366 -2.65256 -1.17991 1 P 0
L -2.65256 -1.17991 -2.65528 -1.17241 1 P 0
L -1.8121 -1.10866 -1.7821 -1.10866 1 P 0
L -1.7821 -1.10866 -1.79846 -1.13866 1 P 0
L -1.79846 -1.13866 -1.79028 -1.13866 1 P 0
L -1.79028 -1.13866 -1.78483 -1.14241 1 P 0
L -1.78483 -1.14241 -1.7821 -1.14616 1 P 0
L -1.7821 -1.14616 -1.77937 -1.15741 1 P 0
L -1.77937 -1.15741 -1.77937 -1.16491 1 P 0
L -1.77937 -1.16491 -1.7821 -1.17616 1 P 0
L -1.7821 -1.17616 -1.78756 -1.18366 1 P 0
L -1.78756 -1.18366 -1.79574 -1.18741 1 P 0
L -1.79574 -1.18741 -1.80392 -1.18741 1 P 0
L -1.80392 -1.18741 -1.8121 -1.18366 1 P 0
L -1.8121 -1.18366 -1.81483 -1.17991 1 P 0
L -1.81483 -1.17991 -1.81756 -1.17241 1 P 0
L -1.48801 -1.12741 -1.36801 -1.12741 1 P 0
L -1.42801 -1.18741 -1.42801 -1.06741 1 P 0
L -1.16165 -1.10866 -1.13983 -1.14616 1 P 0
L -1.13983 -1.14616 -1.13983 -1.18741 1 P 0
L -1.11801 -1.10866 -1.13983 -1.14616 1 P 0
L -1.09346 -1.10866 -1.09346 -1.18741 1 P 0
L -1.09346 -1.10866 -1.05801 -1.10866 1 P 0
L -1.09346 -1.14616 -1.07165 -1.14616 1 P 0
L -1.09346 -1.18741 -1.05801 -1.18741 1 P 0
L -0.995284 -1.11991 -1.00074 -1.11241 1 P 0
L -1.00074 -1.11241 -1.00892 -1.10866 1 P 0
L -1.00892 -1.10866 -1.01983 -1.10866 1 P 0
L -1.01983 -1.10866 -1.02801 -1.11241 1 P 0
L -1.02801 -1.11241 -1.03346 -1.11991 1 P 0
L -1.03346 -1.11991 -1.03346 -1.12741 1 P 0
L -1.03346 -1.12741 -1.03074 -1.13491 1 P 0
L -1.03074 -1.13491 -1.02801 -1.13866 1 P 0
L -1.02801 -1.13866 -1.02256 -1.14241 1 P 0
L -1.02256 -1.14241 -1.00619 -1.14991 1 P 0
L -1.00619 -1.14991 -1.00074 -1.15366 1 P 0
L -1.00074 -1.15366 -0.998014 -1.15741 1 P 0
L -0.998014 -1.15741 -0.995284 -1.16491 1 P 0
L -0.995284 -1.16491 -0.995284 -1.17616 1 P 0
L -0.995284 -1.17616 -1.00074 -1.18366 1 P 0
L -1.00074 -1.18366 -1.00892 -1.18741 1 P 0
L -1.00892 -1.18741 -1.01983 -1.18741 1 P 0
L -1.01983 -1.18741 -1.02801 -1.18366 1 P 0
L -1.02801 -1.18366 -1.03346 -1.17616 1 P 0
L -0.629834 -1.11991 -0.629834 -1.18741 1 P 0
L -0.654374 -1.15366 -0.605284 -1.15366 1 P 0
L -0.531654 -1.09366 -0.580744 -1.21366 1 P 0
L -0.507104 -1.15366 -0.458014 -1.15366 1 P 0
L -0.417104 -1.10866 -0.425284 -1.11241 1 P 0
L -0.425284 -1.11241 -0.430744 -1.12366 1 P 0
L -0.430744 -1.12366 -0.433464 -1.14241 1 P 0
L -0.433464 -1.14241 -0.433464 -1.15366 1 P 0
L -0.433464 -1.15366 -0.430744 -1.17241 1 P 0
L -0.430744 -1.17241 -0.425284 -1.18366 1 P 0
L -0.425284 -1.18366 -0.417104 -1.18741 1 P 0
L -0.417104 -1.18741 -0.411654 -1.18741 1 P 0
L -0.411654 -1.18741 -0.403464 -1.18366 1 P 0
L -0.403464 -1.18366 -0.398014 -1.17241 1 P 0
L -0.398014 -1.17241 -0.395284 -1.15366 1 P 0
L -0.395284 -1.15366 -0.395284 -1.14241 1 P 0
L -0.395284 -1.14241 -0.398014 -1.12366 1 P 0
L -0.398014 -1.12366 -0.403464 -1.11241 1 P 0
L -0.403464 -1.11241 -0.411654 -1.10866 1 P 0
L -0.411654 -1.10866 -0.417104 -1.10866 1 P 0
L -0.368014 -1.17991 -0.370744 -1.18366 1 P 0
L -0.370744 -1.18366 -0.368014 -1.18741 1 P 0
L -0.368014 -1.18741 -0.365284 -1.18366 1 P 0
L -0.365284 -1.18366 -0.368014 -1.17991 1 P 0
L -0.324374 -1.10866 -0.332564 -1.11241 1 P 0
L -0.332564 -1.11241 -0.338014 -1.12366 1 P 0
L -0.338014 -1.12366 -0.340744 -1.14241 1 P 0
L -0.340744 -1.14241 -0.340744 -1.15366 1 P 0
L -0.340744 -1.15366 -0.338014 -1.17241 1 P 0
L -0.338014 -1.17241 -0.332564 -1.18366 1 P 0
L -0.332564 -1.18366 -0.324374 -1.18741 1 P 0
L -0.324374 -1.18741 -0.318924 -1.18741 1 P 0
L -0.318924 -1.18741 -0.310744 -1.18366 1 P 0
L -0.310744 -1.18366 -0.305284 -1.17241 1 P 0
L -0.305284 -1.17241 -0.302564 -1.15366 1 P 0
L -0.302564 -1.15366 -0.302564 -1.14241 1 P 0
L -0.302564 -1.14241 -0.305284 -1.12366 1 P 0
L -0.305284 -1.12366 -0.310744 -1.11241 1 P 0
L -0.310744 -1.11241 -0.318924 -1.10866 1 P 0
L -0.318924 -1.10866 -0.324374 -1.10866 1 P 0
L -2.73165 -1.34866 -2.73983 -1.35241 1 P 0
L -2.73983 -1.35241 -2.74528 -1.36366 1 P 0
L -2.74528 -1.36366 -2.74801 -1.38241 1 P 0
L -2.74801 -1.38241 -2.74801 -1.39366 1 P 0
L -2.74801 -1.39366 -2.74528 -1.41241 1 P 0
L -2.74528 -1.41241 -2.73983 -1.42366 1 P 0
L -2.73983 -1.42366 -2.73165 -1.42741 1 P 0
L -2.73165 -1.42741 -2.72619 -1.42741 1 P 0
L -2.72619 -1.42741 -2.71801 -1.42366 1 P 0
L -2.71801 -1.42366 -2.71256 -1.41241 1 P 0
L -2.71256 -1.41241 -2.70983 -1.39366 1 P 0
L -2.70983 -1.39366 -2.70983 -1.38241 1 P 0
L -2.70983 -1.38241 -2.71256 -1.36366 1 P 0
L -2.71256 -1.36366 -2.71801 -1.35241 1 P 0
L -2.71801 -1.35241 -2.72619 -1.34866 1 P 0
L -2.72619 -1.34866 -2.73165 -1.34866 1 P 0
L -2.68256 -1.41991 -2.68528 -1.42366 1 P 0
L -2.68528 -1.42366 -2.68256 -1.42741 1 P 0
L -2.68256 -1.42741 -2.67983 -1.42366 1 P 0
L -2.67983 -1.42366 -2.68256 -1.41991 1 P 0
L -2.64983 -1.34866 -2.61983 -1.34866 1 P 0
L -2.61983 -1.34866 -2.63619 -1.37866 1 P 0
L -2.63619 -1.37866 -2.62801 -1.37866 1 P 0
L -2.62801 -1.37866 -2.62256 -1.38241 1 P 0
L -2.62256 -1.38241 -2.61983 -1.38616 1 P 0
L -2.61983 -1.38616 -2.6171 -1.39741 1 P 0
L -2.6171 -1.39741 -2.6171 -1.40491 1 P 0
L -2.6171 -1.40491 -2.61983 -1.41616 1 P 0
L -2.61983 -1.41616 -2.62528 -1.42366 1 P 0
L -2.62528 -1.42366 -2.63346 -1.42741 1 P 0
L -2.63346 -1.42741 -2.64165 -1.42741 1 P 0
L -2.64165 -1.42741 -2.64983 -1.42366 1 P 0
L -2.64983 -1.42366 -2.65256 -1.41991 1 P 0
L -2.65256 -1.41991 -2.65528 -1.41241 1 P 0
L -2.5571 -1.34866 -2.58437 -1.34866 1 P 0
L -2.58437 -1.34866 -2.5871 -1.38241 1 P 0
L -2.5871 -1.38241 -2.58437 -1.37866 1 P 0
L -2.58437 -1.37866 -2.57619 -1.37491 1 P 0
L -2.57619 -1.37491 -2.56801 -1.37491 1 P 0
L -2.56801 -1.37491 -2.55983 -1.37866 1 P 0
L -2.55983 -1.37866 -2.55437 -1.38616 1 P 0
L -2.55437 -1.38616 -2.55165 -1.39741 1 P 0
L -2.55165 -1.39741 -2.55437 -1.40491 1 P 0
L -2.55437 -1.40491 -2.5571 -1.41616 1 P 0
L -2.5571 -1.41616 -2.56256 -1.42366 1 P 0
L -2.56256 -1.42366 -2.57074 -1.42741 1 P 0
L -2.57074 -1.42741 -2.57892 -1.42741 1 P 0
L -2.57892 -1.42741 -2.5871 -1.42366 1 P 0
L -2.5871 -1.42366 -2.58983 -1.41991 1 P 0
L -2.58983 -1.41991 -2.59256 -1.41241 1 P 0
L -1.78346 -1.34866 -1.81074 -1.34866 1 P 0
L -1.81074 -1.34866 -1.81346 -1.38241 1 P 0
L -1.81346 -1.38241 -1.81074 -1.37866 1 P 0
L -1.81074 -1.37866 -1.80256 -1.37491 1 P 0
L -1.80256 -1.37491 -1.79437 -1.37491 1 P 0
L -1.79437 -1.37491 -1.78619 -1.37866 1 P 0
L -1.78619 -1.37866 -1.78074 -1.38616 1 P 0
L -1.78074 -1.38616 -1.77801 -1.39741 1 P 0
L -1.77801 -1.39741 -1.78074 -1.40491 1 P 0
L -1.78074 -1.40491 -1.78346 -1.41616 1 P 0
L -1.78346 -1.41616 -1.78892 -1.42366 1 P 0
L -1.78892 -1.42366 -1.7971 -1.42741 1 P 0
L -1.7971 -1.42741 -1.80528 -1.42741 1 P 0
L -1.80528 -1.42741 -1.81346 -1.42366 1 P 0
L -1.81346 -1.42366 -1.81619 -1.41991 1 P 0
L -1.81619 -1.41991 -1.81892 -1.41241 1 P 0
L -1.48801 -1.42741 -1.36801 -1.30741 1 P 0
L -1.48801 -1.30741 -1.36801 -1.42741 1 P 0
L -1.16165 -1.34866 -1.13983 -1.38616 1 P 0
L -1.13983 -1.38616 -1.13983 -1.42741 1 P 0
L -1.11801 -1.34866 -1.13983 -1.38616 1 P 0
L -1.09346 -1.34866 -1.09346 -1.42741 1 P 0
L -1.09346 -1.34866 -1.05801 -1.34866 1 P 0
L -1.09346 -1.38616 -1.07165 -1.38616 1 P 0
L -1.09346 -1.42741 -1.05801 -1.42741 1 P 0
L -0.995284 -1.35991 -1.00074 -1.35241 1 P 0
L -1.00074 -1.35241 -1.00892 -1.34866 1 P 0
L -1.00892 -1.34866 -1.01983 -1.34866 1 P 0
L -1.01983 -1.34866 -1.02801 -1.35241 1 P 0
L -1.02801 -1.35241 -1.03346 -1.35991 1 P 0
L -1.03346 -1.35991 -1.03346 -1.36741 1 P 0
L -1.03346 -1.36741 -1.03074 -1.37491 1 P 0
L -1.03074 -1.37491 -1.02801 -1.37866 1 P 0
L -1.02801 -1.37866 -1.02256 -1.38241 1 P 0
L -1.02256 -1.38241 -1.00619 -1.38991 1 P 0
L -1.00619 -1.38991 -1.00074 -1.39366 1 P 0
L -1.00074 -1.39366 -0.998014 -1.39741 1 P 0
L -0.998014 -1.39741 -0.995284 -1.40491 1 P 0
L -0.995284 -1.40491 -0.995284 -1.41616 1 P 0
L -0.995284 -1.41616 -1.00074 -1.42366 1 P 0
L -1.00074 -1.42366 -1.00892 -1.42741 1 P 0
L -1.00892 -1.42741 -1.01983 -1.42741 1 P 0
L -1.01983 -1.42741 -1.02801 -1.42366 1 P 0
L -1.02801 -1.42366 -1.03346 -1.41616 1 P 0
L -0.629834 -1.35991 -0.629834 -1.42741 1 P 0
L -0.654374 -1.39366 -0.605284 -1.39366 1 P 0
L -0.531654 -1.33366 -0.580744 -1.45366 1 P 0
L -0.507104 -1.39366 -0.458014 -1.39366 1 P 0
L -0.417104 -1.34866 -0.425284 -1.35241 1 P 0
L -0.425284 -1.35241 -0.430744 -1.36366 1 P 0
L -0.430744 -1.36366 -0.433464 -1.38241 1 P 0
L -0.433464 -1.38241 -0.433464 -1.39366 1 P 0
L -0.433464 -1.39366 -0.430744 -1.41241 1 P 0
L -0.430744 -1.41241 -0.425284 -1.42366 1 P 0
L -0.425284 -1.42366 -0.417104 -1.42741 1 P 0
L -0.417104 -1.42741 -0.411654 -1.42741 1 P 0
L -0.411654 -1.42741 -0.403464 -1.42366 1 P 0
L -0.403464 -1.42366 -0.398014 -1.41241 1 P 0
L -0.398014 -1.41241 -0.395284 -1.39366 1 P 0
L -0.395284 -1.39366 -0.395284 -1.38241 1 P 0
L -0.395284 -1.38241 -0.398014 -1.36366 1 P 0
L -0.398014 -1.36366 -0.403464 -1.35241 1 P 0
L -0.403464 -1.35241 -0.411654 -1.34866 1 P 0
L -0.411654 -1.34866 -0.417104 -1.34866 1 P 0
L -0.368014 -1.41991 -0.370744 -1.42366 1 P 0
L -0.370744 -1.42366 -0.368014 -1.42741 1 P 0
L -0.368014 -1.42741 -0.365284 -1.42366 1 P 0
L -0.365284 -1.42366 -0.368014 -1.41991 1 P 0
L -0.324374 -1.34866 -0.332564 -1.35241 1 P 0
L -0.332564 -1.35241 -0.338014 -1.36366 1 P 0
L -0.338014 -1.36366 -0.340744 -1.38241 1 P 0
L -0.340744 -1.38241 -0.340744 -1.39366 1 P 0
L -0.340744 -1.39366 -0.338014 -1.41241 1 P 0
L -0.338014 -1.41241 -0.332564 -1.42366 1 P 0
L -0.332564 -1.42366 -0.324374 -1.42741 1 P 0
L -0.324374 -1.42741 -0.318924 -1.42741 1 P 0
L -0.318924 -1.42741 -0.310744 -1.42366 1 P 0
L -0.310744 -1.42366 -0.305284 -1.41241 1 P 0
L -0.305284 -1.41241 -0.302564 -1.39366 1 P 0
L -0.302564 -1.39366 -0.302564 -1.38241 1 P 0
L -0.302564 -1.38241 -0.305284 -1.36366 1 P 0
L -0.305284 -1.36366 -0.310744 -1.35241 1 P 0
L -0.310744 -1.35241 -0.318924 -1.34866 1 P 0
L -0.318924 -1.34866 -0.324374 -1.34866 1 P 0
L -2.73165 -1.58866 -2.73983 -1.59241 1 P 0
L -2.73983 -1.59241 -2.74528 -1.60366 1 P 0
L -2.74528 -1.60366 -2.74801 -1.62241 1 P 0
L -2.74801 -1.62241 -2.74801 -1.63366 1 P 0
L -2.74801 -1.63366 -2.74528 -1.65241 1 P 0
L -2.74528 -1.65241 -2.73983 -1.66366 1 P 0
L -2.73983 -1.66366 -2.73165 -1.66741 1 P 0
L -2.73165 -1.66741 -2.72619 -1.66741 1 P 0
L -2.72619 -1.66741 -2.71801 -1.66366 1 P 0
L -2.71801 -1.66366 -2.71256 -1.65241 1 P 0
L -2.71256 -1.65241 -2.70983 -1.63366 1 P 0
L -2.70983 -1.63366 -2.70983 -1.62241 1 P 0
L -2.70983 -1.62241 -2.71256 -1.60366 1 P 0
L -2.71256 -1.60366 -2.71801 -1.59241 1 P 0
L -2.71801 -1.59241 -2.72619 -1.58866 1 P 0
L -2.72619 -1.58866 -2.73165 -1.58866 1 P 0
L -2.68256 -1.65991 -2.68528 -1.66366 1 P 0
L -2.68528 -1.66366 -2.68256 -1.66741 1 P 0
L -2.68256 -1.66741 -2.67983 -1.66366 1 P 0
L -2.67983 -1.66366 -2.68256 -1.65991 1 P 0
L -2.65256 -1.60741 -2.65256 -1.60366 1 P 0
L -2.65256 -1.60366 -2.64983 -1.59616 1 P 0
L -2.64983 -1.59616 -2.6471 -1.59241 1 P 0
L -2.6471 -1.59241 -2.64165 -1.58866 1 P 0
L -2.64165 -1.58866 -2.63074 -1.58866 1 P 0
L -2.63074 -1.58866 -2.62528 -1.59241 1 P 0
L -2.62528 -1.59241 -2.62256 -1.59616 1 P 0
L -2.62256 -1.59616 -2.61983 -1.60366 1 P 0
L -2.61983 -1.60366 -2.61983 -1.61116 1 P 0
L -2.61983 -1.61116 -2.62256 -1.61866 1 P 0
L -2.62256 -1.61866 -2.62801 -1.62991 1 P 0
L -2.62801 -1.62991 -2.65528 -1.66741 1 P 0
L -2.65528 -1.66741 -2.6171 -1.66741 1 P 0
L -2.5571 -1.58866 -2.58437 -1.58866 1 P 0
L -2.58437 -1.58866 -2.5871 -1.62241 1 P 0
L -2.5871 -1.62241 -2.58437 -1.61866 1 P 0
L -2.58437 -1.61866 -2.57619 -1.61491 1 P 0
L -2.57619 -1.61491 -2.56801 -1.61491 1 P 0
L -2.56801 -1.61491 -2.55983 -1.61866 1 P 0
L -2.55983 -1.61866 -2.55437 -1.62616 1 P 0
L -2.55437 -1.62616 -2.55165 -1.63741 1 P 0
L -2.55165 -1.63741 -2.55437 -1.64491 1 P 0
L -2.55437 -1.64491 -2.5571 -1.65616 1 P 0
L -2.5571 -1.65616 -2.56256 -1.66366 1 P 0
L -2.56256 -1.66366 -2.57074 -1.66741 1 P 0
L -2.57074 -1.66741 -2.57892 -1.66741 1 P 0
L -2.57892 -1.66741 -2.5871 -1.66366 1 P 0
L -2.5871 -1.66366 -2.58983 -1.65991 1 P 0
L -2.58983 -1.65991 -2.59256 -1.65241 1 P 0
L -2.49983 -1.58866 -2.5271 -1.64116 1 P 0
L -2.5271 -1.64116 -2.48619 -1.64116 1 P 0
L -2.49983 -1.58866 -2.49983 -1.66741 1 P 0
L -1.8121 -1.58866 -1.7821 -1.58866 1 P 0
L -1.7821 -1.58866 -1.79846 -1.61866 1 P 0
L -1.79846 -1.61866 -1.79028 -1.61866 1 P 0
L -1.79028 -1.61866 -1.78483 -1.62241 1 P 0
L -1.78483 -1.62241 -1.7821 -1.62616 1 P 0
L -1.7821 -1.62616 -1.77937 -1.63741 1 P 0
L -1.77937 -1.63741 -1.77937 -1.64491 1 P 0
L -1.77937 -1.64491 -1.7821 -1.65616 1 P 0
L -1.7821 -1.65616 -1.78756 -1.66366 1 P 0
L -1.78756 -1.66366 -1.79574 -1.66741 1 P 0
L -1.79574 -1.66741 -1.80392 -1.66741 1 P 0
L -1.80392 -1.66741 -1.8121 -1.66366 1 P 0
L -1.8121 -1.66366 -1.81483 -1.65991 1 P 0
L -1.81483 -1.65991 -1.81756 -1.65241 1 P 0
L -1.48801 -1.66741 -1.36801 -1.66741 1 P 0
L -1.36801 -1.66741 -1.36801 -1.54741 1 P 0
L -1.36801 -1.54741 -1.48801 -1.54741 1 P 0
L -1.48801 -1.54741 -1.48801 -1.66741 1 P 0
L -1.42801 -1.60741 -1.42801 -1.54741 1 P 0
L -1.16165 -1.58866 -1.13983 -1.62616 1 P 0
L -1.13983 -1.62616 -1.13983 -1.66741 1 P 0
L -1.11801 -1.58866 -1.13983 -1.62616 1 P 0
L -1.09346 -1.58866 -1.09346 -1.66741 1 P 0
L -1.09346 -1.58866 -1.05801 -1.58866 1 P 0
L -1.09346 -1.62616 -1.07165 -1.62616 1 P 0
L -1.09346 -1.66741 -1.05801 -1.66741 1 P 0
L -0.995284 -1.59991 -1.00074 -1.59241 1 P 0
L -1.00074 -1.59241 -1.00892 -1.58866 1 P 0
L -1.00892 -1.58866 -1.01983 -1.58866 1 P 0
L -1.01983 -1.58866 -1.02801 -1.59241 1 P 0
L -1.02801 -1.59241 -1.03346 -1.59991 1 P 0
L -1.03346 -1.59991 -1.03346 -1.60741 1 P 0
L -1.03346 -1.60741 -1.03074 -1.61491 1 P 0
L -1.03074 -1.61491 -1.02801 -1.61866 1 P 0
L -1.02801 -1.61866 -1.02256 -1.62241 1 P 0
L -1.02256 -1.62241 -1.00619 -1.62991 1 P 0
L -1.00619 -1.62991 -1.00074 -1.63366 1 P 0
L -1.00074 -1.63366 -0.998014 -1.63741 1 P 0
L -0.998014 -1.63741 -0.995284 -1.64491 1 P 0
L -0.995284 -1.64491 -0.995284 -1.65616 1 P 0
L -0.995284 -1.65616 -1.00074 -1.66366 1 P 0
L -1.00074 -1.66366 -1.00892 -1.66741 1 P 0
L -1.00892 -1.66741 -1.01983 -1.66741 1 P 0
L -1.01983 -1.66741 -1.02801 -1.66366 1 P 0
L -1.02801 -1.66366 -1.03346 -1.65616 1 P 0
L -0.629834 -1.59991 -0.629834 -1.66741 1 P 0
L -0.654374 -1.63366 -0.605284 -1.63366 1 P 0
L -0.531654 -1.57366 -0.580744 -1.69366 1 P 0
L -0.507104 -1.63366 -0.458014 -1.63366 1 P 0
L -0.417104 -1.58866 -0.425284 -1.59241 1 P 0
L -0.425284 -1.59241 -0.430744 -1.60366 1 P 0
L -0.430744 -1.60366 -0.433464 -1.62241 1 P 0
L -0.433464 -1.62241 -0.433464 -1.63366 1 P 0
L -0.433464 -1.63366 -0.430744 -1.65241 1 P 0
L -0.430744 -1.65241 -0.425284 -1.66366 1 P 0
L -0.425284 -1.66366 -0.417104 -1.66741 1 P 0
L -0.417104 -1.66741 -0.411654 -1.66741 1 P 0
L -0.411654 -1.66741 -0.403464 -1.66366 1 P 0
L -0.403464 -1.66366 -0.398014 -1.65241 1 P 0
L -0.398014 -1.65241 -0.395284 -1.63366 1 P 0
L -0.395284 -1.63366 -0.395284 -1.62241 1 P 0
L -0.395284 -1.62241 -0.398014 -1.60366 1 P 0
L -0.398014 -1.60366 -0.403464 -1.59241 1 P 0
L -0.403464 -1.59241 -0.411654 -1.58866 1 P 0
L -0.411654 -1.58866 -0.417104 -1.58866 1 P 0
L -0.368014 -1.65991 -0.370744 -1.66366 1 P 0
L -0.370744 -1.66366 -0.368014 -1.66741 1 P 0
L -0.368014 -1.66741 -0.365284 -1.66366 1 P 0
L -0.365284 -1.66366 -0.368014 -1.65991 1 P 0
L -0.324374 -1.58866 -0.332564 -1.59241 1 P 0
L -0.332564 -1.59241 -0.338014 -1.60366 1 P 0
L -0.338014 -1.60366 -0.340744 -1.62241 1 P 0
L -0.340744 -1.62241 -0.340744 -1.63366 1 P 0
L -0.340744 -1.63366 -0.338014 -1.65241 1 P 0
L -0.338014 -1.65241 -0.332564 -1.66366 1 P 0
L -0.332564 -1.66366 -0.324374 -1.66741 1 P 0
L -0.324374 -1.66741 -0.318924 -1.66741 1 P 0
L -0.318924 -1.66741 -0.310744 -1.66366 1 P 0
L -0.310744 -1.66366 -0.305284 -1.65241 1 P 0
L -0.305284 -1.65241 -0.302564 -1.63366 1 P 0
L -0.302564 -1.63366 -0.302564 -1.62241 1 P 0
L -0.302564 -1.62241 -0.305284 -1.60366 1 P 0
L -0.305284 -1.60366 -0.310744 -1.59241 1 P 0
L -0.310744 -1.59241 -0.318924 -1.58866 1 P 0
L -0.318924 -1.58866 -0.324374 -1.58866 1 P 0
