#
#Feature symbol names
#
$0 r3.94
$1 r5.91
$2 r2.36
$3 r0.79

#
#Feature attribute names
#
#
#Layer features
#
A 0.45414600 0.48784000 0.45414600 0.48784000 0.42855600 0.48784000 0 P 0 N
A 0.34414600 0.48784000 0.34414600 0.48784000 0.31855600 0.48784000 0 P 0 N
A 0.22414600 0.48784000 0.22414600 0.48784000 0.19855600 0.48784000 0 P 0 N
L 0.148426 -0.00836 0.489676 -0.00836 1 P 0
L 0.489676 -0.00836 0.489676 0.14623 1 P 0
L 0.489676 0.14623 0.148426 0.14623 1 P 0
L 0.148426 0.14623 0.148426 -0.00836 1 P 0
L 0.319936 0.27574 0.236676 0.35901 1 P 0
L 0.319936 0.27574 0.404096 0.35989 1 P 0
L 0.162456 0.55133 0.477416 0.55133 1 P 0
A 0.47715600 0.00000000 0.47763600 0.55121000 0.32493500 0.27573700 1 P 0 N
L 0.477416 0.00015 0.162456 0.00015 1 P 0
A 0.16272600 0.55148000 0.16224600 0.00027000 0.31493600 0.27574200 1 P 0 N
A 0.10537600 0.27574000 0.10537600 0.27574000 0.06600600 0.27574000 1 P 0 N
A 0.08686600 0.35290000 0.08686600 0.35290000 0.06521600 0.35290000 1 P 0 N
A 0.61324600 0.27574000 0.61324600 0.27574000 0.57387600 0.27574000 1 P 0 N
A 0.59513600 0.19779000 0.59513600 0.19779000 0.57348600 0.19779000 1 P 0 N
L 0.423556 0.44334 0.426246 0.42784 2 P 0
L 0.428926 0.44334 0.426246 0.42784 2 P 0
L 0.428926 0.44334 0.431616 0.42784 2 P 0
L 0.434296 0.44334 0.431616 0.42784 2 P 0
L 0.308556 0.44334 0.312856 0.42784 2 P 0
L 0.317146 0.44334 0.312856 0.42784 2 P 0
L 0.188556 0.44334 0.188556 0.43227 2 P 0
L 0.188556 0.43227 0.189096 0.43005 2 P 0
L 0.189096 0.43005 0.190166 0.42858 2 P 0
L 0.190166 0.42858 0.191776 0.42784 2 P 0
L 0.191776 0.42784 0.192856 0.42784 2 P 0
L 0.192856 0.42784 0.194466 0.42858 2 P 0
L 0.194466 0.42858 0.195535 0.43005 2 P 0
L 0.195535 0.43005 0.196075 0.43227 2 P 0
L 0.196075 0.43227 0.196075 0.44334 2 P 0
L 0.504556 0.13734 0.504556 0.12184 2 P 0
L 0.504556 0.13734 0.509386 0.13734 2 P 0
L 0.509386 0.13734 0.511006 0.1366 2 P 0
L 0.511006 0.1366 0.511536 0.13586 2 P 0
L 0.511536 0.13586 0.512076 0.13439 2 P 0
L 0.512076 0.13439 0.512076 0.13217 2 P 0
L 0.512076 0.13217 0.511536 0.1307 2 P 0
L 0.511536 0.1307 0.511006 0.12996 2 P 0
L 0.511006 0.12996 0.509386 0.12922 2 P 0
L 0.509386 0.12922 0.504556 0.12922 2 P 0
L 0.517446 0.13365 0.517446 0.13439 2 P 0
L 0.517446 0.13439 0.517976 0.13586 2 P 0
L 0.517976 0.13586 0.518516 0.1366 2 P 0
L 0.518516 0.1366 0.519586 0.13734 2 P 0
L 0.519586 0.13734 0.521736 0.13734 2 P 0
L 0.521736 0.13734 0.522816 0.1366 2 P 0
L 0.522816 0.1366 0.523346 0.13586 2 P 0
L 0.523346 0.13586 0.523886 0.13439 2 P 0
L 0.523886 0.13439 0.523886 0.13291 2 P 0
L 0.523886 0.13291 0.523346 0.13143 2 P 0
L 0.523346 0.13143 0.522276 0.12922 2 P 0
L 0.522276 0.12922 0.516906 0.12184 2 P 0
L 0.516906 0.12184 0.524426 0.12184 2 P 0
A 0.40903600 0.36481000 0.23086600 0.36481000 0.31995100 0.27572000 3 P 0 N
