#
#Feature symbol names
#
$0 r43.31
$1 rect22x36
$2 rect13x32
$3 r10
$4 r13
$5 r20
$6 r19.68
$7 r0.1
$8 r12

#
#Feature attribute names
#
#
#Layer features
#
P 0.428556 0.48784 0 P 0 0
P 0.318556 0.48784 0 P 0 0
P 0.198556 0.48784 0 P 0 0
P 0.175096 0.02373 1 P 0 0
P 0.465096 0.02373 1 P 0 0
P 0.210936 0.12123 2 P 0 0
P 0.230626 0.12123 2 P 0 0
P 0.250306 0.12123 2 P 0 0
P 0.269996 0.12123 2 P 0 0
P 0.289676 0.12123 2 P 0 0
P 0.309366 0.12123 2 P 0 0
P 0.329046 0.12123 2 P 0 0
P 0.348735 0.12123 2 P 0 0
P 0.368416 0.12123 2 P 0 0
P 0.388106 0.12123 2 P 0 0
P 0.407786 0.12123 2 P 0 0
P 0.427476 0.12123 2 P 0 0
L 0.182146 0.29936 0.182146 0.35054 3 P 0
L 0.464836 0.20611 0.427476 0.16875 3 P 0
L 0.427476 0.16875 0.427476 0.12123 3 P 0
L 0.368416 0.0877 0.374276 0.08184 3 P 0
L 0.374276 0.08184 0.400556 0.08184 3 P 0
L 0.400556 0.08184 0.407786 0.08907 3 P 0
L 0.407786 0.08907 0.407786 0.12123 3 P 0
L 0.368416 0.0877 0.368416 0.12123 3 P 0
L 0.480936 0.26774 0.480936 0.42874 3 P 0
L 0.348735 0.16049 0.355936 0.16769 3 P 0
L 0.355936 0.16769 0.355936 0.24774 3 P 0
L 0.348735 0.16049 0.348735 0.12123 3 P 0
L 0.355936 0.24774 0.388106 0.21557 3 P 0
L 0.388106 0.21557 0.388106 0.12123 3 P 0
L 0.407786 0.12123 0.408366 0.1218 3 P 0
L 0.408366 0.1218 0.408366 0.23116 3 P 0
L 0.408366 0.23116 0.452936 0.27574 3 P 0
L 0.329046 0.12123 0.330496 0.12267 3 P 0
L 0.330496 0.12267 0.330496 0.18329 3 P 0
L 0.330496 0.18329 0.331936 0.18474 3 P 0
L 0.451936 0.35974 0.452936 0.35574 3 P 0
L 0.452936 0.35574 0.452936 0.27574 3 P 0
L 0.210936 0.12123 0.218556 0.12123 4 P 0
L 0.289676 0.12123 0.298555 0.12123 4 P 0
L 0.250306 0.12123 0.258555 0.12123 4 P 0
L 0.258555 0.12123 0.258555 0.25136 5 P 0
L 0.258555 0.25136 0.314096 0.3069 5 P 0
L 0.314096 0.3069 0.314096 0.48338 5 P 0
L 0.314096 0.48338 0.318556 0.48784 5 P 0
L 0.298555 0.12123 0.298555 0.23784 5 P 0
L 0.298555 0.23784 0.356556 0.29583 5 P 0
L 0.356556 0.29583 0.356556 0.40735 5 P 0
L 0.356556 0.40735 0.416906 0.46771 5 P 0
L 0.416906 0.46771 0.416906 0.46988 5 P 0
L 0.416906 0.46988 0.428556 0.48153 5 P 0
L 0.428556 0.48153 0.428556 0.48784 5 P 0
L 0.145936 0.43522 0.145936 0.28774 5 P 0
L 0.145936 0.28774 0.218556 0.21512 5 P 0
L 0.218556 0.21512 0.218556 0.12123 5 P 0
L 0.145936 0.43522 0.198556 0.48784 5 P 0
P 0.464836 0.20611 5 P 0 0
P 0.331936 0.18474 5 P 0 0
P 0.355936 0.24774 5 P 0 0
P 0.182146 0.29936 6 P 0 0
P 0.480936 0.26774 6 P 0 0
P 0.182146 0.35054 6 P 0 0
P 0.480936 0.42874 6 P 0 0
P 0.451936 0.35974 6 P 0 0
L 0.350986 0.23313 0.350965 0.23416 7 P 0
L 0.350965 0.23416 0.350806 0.2361 7 P 0
L 0.350806 0.2361 0.350666 0.23696 7 P 0
L 0.350666 0.23696 0.350486 0.23775 7 P 0
L 0.350486 0.23775 0.350266 0.23847 7 P 0
L 0.350266 0.23847 0.350005 0.23912 7 P 0
L 0.350005 0.23912 0.349706 0.2397 7 P 0
L 0.349706 0.2397 0.349356 0.2402 7 P 0
L 0.349356 0.2402 0.349046 0.24055 7 P 0
L 0.349046 0.24055 0.362826 0.24055 7 P 0
L 0.362826 0.24055 0.362516 0.2402 7 P 0
L 0.362516 0.2402 0.362176 0.2397 7 P 0
L 0.362176 0.2397 0.361875 0.23912 7 P 0
L 0.361875 0.23912 0.361615 0.23847 7 P 0
L 0.361615 0.23847 0.361386 0.23775 7 P 0
L 0.361386 0.23775 0.361206 0.23696 7 P 0
L 0.361206 0.23696 0.361066 0.2361 7 P 0
L 0.361066 0.2361 0.360966 0.23516 7 P 0
L 0.360966 0.23516 0.360886 0.23313 7 P 0
L 0.360886 0.23313 0.350986 0.23313 7 P 0
L 0.447986 0.3449 0.447966 0.34591 7 P 0
L 0.447966 0.34591 0.447796 0.34781 7 P 0
L 0.447796 0.34781 0.447646 0.34864 7 P 0
L 0.447646 0.34864 0.447456 0.34941 7 P 0
L 0.447456 0.34941 0.447216 0.35009 7 P 0
L 0.447216 0.35009 0.446936 0.3507 7 P 0
L 0.446936 0.3507 0.446606 0.35124 7 P 0
L 0.446606 0.35124 0.446246 0.3517 7 P 0
L 0.446246 0.3517 0.445916 0.35201 7 P 0
L 0.445916 0.35201 0.459406 0.35339 7 P 0
L 0.459406 0.35339 0.459166 0.35306 7 P 0
L 0.459166 0.35306 0.458896 0.35257 7 P 0
L 0.458896 0.35257 0.458656 0.352 7 P 0
L 0.458656 0.352 0.458456 0.35137 7 P 0
L 0.458456 0.35137 0.458286 0.35066 7 P 0
L 0.458286 0.35066 0.458136 0.34988 7 P 0
L 0.458136 0.34988 0.457956 0.3481 7 P 0
L 0.457956 0.3481 0.457906 0.3471 7 P 0
L 0.457906 0.3471 0.457886 0.34608 7 P 0
L 0.457886 0.34608 0.447986 0.3449 7 P 0
L 0.325546 0.17114 0.325526 0.17218 7 P 0
L 0.325526 0.17218 0.325306 0.175 7 P 0
L 0.325306 0.175 0.325166 0.1758 7 P 0
L 0.325166 0.1758 0.324995 0.17653 7 P 0
L 0.324995 0.17653 0.324796 0.17718 7 P 0
L 0.324796 0.17718 0.324566 0.17776 7 P 0
L 0.324566 0.17776 0.324315 0.17828 7 P 0
L 0.324315 0.17828 0.324086 0.17862 7 P 0
L 0.324086 0.17862 0.337716 0.17663 7 P 0
L 0.337716 0.17663 0.337356 0.17632 7 P 0
L 0.337356 0.17632 0.336956 0.17586 7 P 0
L 0.336956 0.17586 0.336596 0.17532 7 P 0
L 0.336596 0.17532 0.336286 0.1747 7 P 0
L 0.336286 0.1747 0.336036 0.17401 7 P 0
L 0.336036 0.17401 0.335816 0.17324 7 P 0
L 0.335816 0.17324 0.335656 0.17239 7 P 0
L 0.335656 0.17239 0.335536 0.17147 7 P 0
L 0.335536 0.17147 0.335466 0.17047 7 P 0
L 0.335466 0.17047 0.335446 0.16945 7 P 0
L 0.335446 0.16945 0.325546 0.17114 7 P 0
L 0.451006 0.19928 0.451716 0.20002 7 P 0
L 0.451716 0.20002 0.452976 0.2015 7 P 0
L 0.452976 0.2015 0.453486 0.20221 7 P 0
L 0.453486 0.20221 0.453916 0.2029 7 P 0
L 0.453916 0.2029 0.454266 0.20357 7 P 0
L 0.454266 0.20357 0.454546 0.20421 7 P 0
L 0.454546 0.20421 0.454736 0.20483 7 P 0
L 0.454736 0.20483 0.454856 0.20543 7 P 0
L 0.454856 0.20543 0.454876 0.20589 7 P 0
L 0.454876 0.20589 0.464616 0.19615 7 P 0
L 0.464616 0.19615 0.464156 0.19613 7 P 0
L 0.464156 0.19613 0.463556 0.19601 7 P 0
L 0.463556 0.19601 0.462936 0.19582 7 P 0
L 0.462936 0.19582 0.462296 0.19554 7 P 0
L 0.462296 0.19554 0.461626 0.19519 7 P 0
L 0.461626 0.19519 0.460936 0.19476 7 P 0
L 0.460936 0.19476 0.460226 0.19425 7 P 0
L 0.460226 0.19425 0.459496 0.19366 7 P 0
L 0.459496 0.19366 0.458006 0.19228 7 P 0
L 0.458006 0.19228 0.451006 0.19928 7 P 0
L 0.304146 0.45877 0.304115 0.46102 7 P 0
L 0.304115 0.46102 0.303575 0.46712 7 P 0
L 0.303575 0.46712 0.303256 0.46889 7 P 0
L 0.303256 0.46889 0.302866 0.47054 7 P 0
L 0.302866 0.47054 0.302406 0.47206 7 P 0
L 0.302406 0.47206 0.301866 0.47346 7 P 0
L 0.301866 0.47346 0.301266 0.47472 7 P 0
L 0.301266 0.47472 0.300646 0.47576 7 P 0
L 0.300646 0.47576 0.330085 0.46956 7 P 0
L 0.330085 0.46956 0.329016 0.46876 7 P 0
L 0.329016 0.46876 0.327966 0.46774 7 P 0
L 0.327966 0.46774 0.327046 0.46657 7 P 0
L 0.327046 0.46657 0.326256 0.46523 7 P 0
L 0.326256 0.46523 0.325576 0.46374 7 P 0
L 0.325576 0.46374 0.325026 0.46209 7 P 0
L 0.325026 0.46209 0.324595 0.46028 7 P 0
L 0.324595 0.46028 0.324296 0.45831 7 P 0
L 0.324296 0.45831 0.324105 0.45619 7 P 0
L 0.324105 0.45619 0.324046 0.45398 7 P 0
L 0.324046 0.45398 0.304146 0.45877 7 P 0
L 0.168786 0.47214 0.170326 0.47375 7 P 0
L 0.170326 0.47375 0.172966 0.47697 7 P 0
L 0.172966 0.47697 0.174036 0.47856 7 P 0
L 0.174036 0.47856 0.174936 0.48012 7 P 0
L 0.174936 0.48012 0.175676 0.48166 7 P 0
L 0.175676 0.48166 0.176246 0.48318 7 P 0
L 0.176246 0.48318 0.176646 0.48468 7 P 0
L 0.176646 0.48468 0.176886 0.48616 7 P 0
L 0.176886 0.48616 0.176946 0.48751 7 P 0
L 0.176946 0.48751 0.198226 0.46623 7 P 0
L 0.198226 0.46623 0.196886 0.46617 7 P 0
L 0.196886 0.46617 0.195406 0.46593 7 P 0
L 0.195406 0.46593 0.193895 0.46553 7 P 0
L 0.193895 0.46553 0.192376 0.46496 7 P 0
L 0.192376 0.46496 0.190836 0.46422 7 P 0
L 0.190836 0.46422 0.189276 0.46332 7 P 0
L 0.189276 0.46332 0.187696 0.46225 7 P 0
L 0.187696 0.46225 0.186096 0.46101 7 P 0
L 0.186096 0.46101 0.184466 0.4596 7 P 0
L 0.184466 0.4596 0.182866 0.45807 7 P 0
L 0.182866 0.45807 0.168786 0.47214 7 P 0
L 0.349065 0.24053 0.362806 0.24053 7 P 0
L 0.349156 0.24043 0.362726 0.24043 7 P 0
L 0.349246 0.24033 0.362636 0.24033 7 P 0
L 0.349336 0.24023 0.362546 0.24023 7 P 0
L 0.349406 0.24013 0.362466 0.24013 7 P 0
L 0.349476 0.24003 0.362406 0.24003 7 P 0
L 0.349546 0.23993 0.362336 0.23993 7 P 0
L 0.349605 0.23983 0.362266 0.23983 7 P 0
L 0.349675 0.23973 0.362196 0.23973 7 P 0
L 0.349736 0.23963 0.362135 0.23963 7 P 0
L 0.349786 0.23953 0.362085 0.23953 7 P 0
L 0.349846 0.23943 0.362036 0.23943 7 P 0
L 0.349896 0.23933 0.361986 0.23933 7 P 0
L 0.349946 0.23923 0.361936 0.23923 7 P 0
L 0.349996 0.23913 0.361875 0.23913 7 P 0
L 0.350036 0.23903 0.361836 0.23903 7 P 0
L 0.350075 0.23893 0.361796 0.23893 7 P 0
L 0.350126 0.23883 0.361755 0.23883 7 P 0
L 0.350165 0.23873 0.361716 0.23873 7 P 0
L 0.350206 0.23863 0.361676 0.23863 7 P 0
L 0.350246 0.23853 0.361636 0.23853 7 P 0
L 0.350276 0.23843 0.361595 0.23843 7 P 0
L 0.350306 0.23833 0.361566 0.23833 7 P 0
L 0.350336 0.23823 0.361536 0.23823 7 P 0
L 0.350366 0.23813 0.361506 0.23813 7 P 0
L 0.350405 0.23803 0.361475 0.23803 7 P 0
L 0.350436 0.23793 0.361446 0.23793 7 P 0
L 0.350466 0.23783 0.361416 0.23783 7 P 0
L 0.350495 0.23773 0.361386 0.23773 7 P 0
L 0.350516 0.23763 0.361366 0.23763 7 P 0
L 0.350536 0.23753 0.361335 0.23753 7 P 0
L 0.350556 0.23743 0.361316 0.23743 7 P 0
L 0.350586 0.23733 0.361296 0.23733 7 P 0
L 0.350606 0.23723 0.361276 0.23723 7 P 0
L 0.350626 0.23713 0.361246 0.23713 7 P 0
L 0.350656 0.23703 0.361226 0.23703 7 P 0
L 0.350676 0.23693 0.361206 0.23693 7 P 0
L 0.350685 0.23683 0.361186 0.23683 7 P 0
L 0.350705 0.23673 0.361176 0.23673 7 P 0
L 0.350726 0.23663 0.361156 0.23663 7 P 0
L 0.350736 0.23653 0.361136 0.23653 7 P 0
L 0.350755 0.23643 0.361125 0.23643 7 P 0
L 0.350766 0.23633 0.361106 0.23633 7 P 0
L 0.350786 0.23623 0.361086 0.23623 7 P 0
L 0.350806 0.23613 0.361075 0.23613 7 P 0
L 0.350816 0.23603 0.361066 0.23603 7 P 0
L 0.350825 0.23593 0.361055 0.23593 7 P 0
L 0.350825 0.23583 0.361036 0.23583 7 P 0
L 0.350836 0.23573 0.361026 0.23573 7 P 0
L 0.350846 0.23563 0.361016 0.23563 7 P 0
L 0.350856 0.23553 0.361005 0.23553 7 P 0
L 0.350866 0.23543 0.360996 0.23543 7 P 0
L 0.350876 0.23533 0.360985 0.23533 7 P 0
L 0.350876 0.23523 0.360976 0.23523 7 P 0
L 0.350886 0.23513 0.360966 0.23513 7 P 0
L 0.350895 0.23503 0.360966 0.23503 7 P 0
L 0.350906 0.23493 0.360956 0.23493 7 P 0
L 0.350916 0.23483 0.360956 0.23483 7 P 0
L 0.350926 0.23473 0.360956 0.23473 7 P 0
L 0.350926 0.23463 0.360946 0.23463 7 P 0
L 0.350936 0.23453 0.360946 0.23453 7 P 0
L 0.350946 0.23443 0.360935 0.23443 7 P 0
L 0.350956 0.23433 0.360935 0.23433 7 P 0
L 0.350965 0.23423 0.360935 0.23423 7 P 0
L 0.350965 0.23413 0.360926 0.23413 7 P 0
L 0.350976 0.23403 0.360926 0.23403 7 P 0
L 0.350976 0.23393 0.360926 0.23393 7 P 0
L 0.350976 0.23383 0.360915 0.23383 7 P 0
L 0.350976 0.23373 0.360915 0.23373 7 P 0
L 0.350976 0.23363 0.360906 0.23363 7 P 0
L 0.350976 0.23353 0.360906 0.23353 7 P 0
L 0.350986 0.23343 0.360906 0.23343 7 P 0
L 0.350986 0.23333 0.360896 0.23333 7 P 0
L 0.350986 0.23323 0.360896 0.23323 7 P 0
L 0.349086 0.24051 0.349086 0.24055 7 P 0
L 0.349185 0.24039 0.349185 0.24055 7 P 0
L 0.349286 0.24028 0.349286 0.24055 7 P 0
L 0.349386 0.24016 0.349386 0.24055 7 P 0
L 0.349485 0.24001 0.349485 0.24055 7 P 0
L 0.349586 0.23986 0.349586 0.24055 7 P 0
L 0.349686 0.23972 0.349686 0.24055 7 P 0
L 0.349786 0.23953 0.349786 0.24055 7 P 0
L 0.349885 0.23934 0.349885 0.24055 7 P 0
L 0.349986 0.23915 0.349986 0.24055 7 P 0
L 0.350086 0.23891 0.350086 0.24055 7 P 0
L 0.350186 0.23866 0.350186 0.24055 7 P 0
L 0.350285 0.2384 0.350285 0.24055 7 P 0
L 0.350386 0.23807 0.350386 0.24055 7 P 0
L 0.350486 0.23775 0.350486 0.24055 7 P 0
L 0.350586 0.23731 0.350586 0.24055 7 P 0
L 0.350685 0.23684 0.350685 0.24055 7 P 0
L 0.350786 0.23622 0.350786 0.24055 7 P 0
L 0.350886 0.23514 0.350886 0.24055 7 P 0
L 0.350986 0.23313 0.350986 0.24055 7 P 0
L 0.351085 0.23313 0.351085 0.24055 7 P 0
L 0.351186 0.23313 0.351186 0.24055 7 P 0
L 0.351286 0.23313 0.351286 0.24055 7 P 0
L 0.351385 0.23313 0.351385 0.24055 7 P 0
L 0.351486 0.23313 0.351486 0.24055 7 P 0
L 0.351586 0.23313 0.351586 0.24055 7 P 0
L 0.351686 0.23313 0.351686 0.24055 7 P 0
L 0.351785 0.23313 0.351785 0.24055 7 P 0
L 0.351886 0.23313 0.351886 0.24055 7 P 0
L 0.351986 0.23313 0.351986 0.24055 7 P 0
L 0.352086 0.23313 0.352086 0.24055 7 P 0
L 0.352185 0.23313 0.352185 0.24055 7 P 0
L 0.352286 0.23313 0.352286 0.24055 7 P 0
L 0.352386 0.23313 0.352386 0.24055 7 P 0
L 0.352486 0.23313 0.352486 0.24055 7 P 0
L 0.352585 0.23313 0.352585 0.24055 7 P 0
L 0.352686 0.23313 0.352686 0.24055 7 P 0
L 0.352786 0.23313 0.352786 0.24055 7 P 0
L 0.352886 0.23313 0.352886 0.24055 7 P 0
L 0.352985 0.23313 0.352985 0.24055 7 P 0
L 0.353086 0.23313 0.353086 0.24055 7 P 0
L 0.353186 0.23313 0.353186 0.24055 7 P 0
L 0.353286 0.23313 0.353286 0.24055 7 P 0
L 0.353386 0.23313 0.353386 0.24055 7 P 0
L 0.353486 0.23313 0.353486 0.24055 7 P 0
L 0.353586 0.23313 0.353586 0.24055 7 P 0
L 0.353685 0.23313 0.353685 0.24055 7 P 0
L 0.353786 0.23313 0.353786 0.24055 7 P 0
L 0.353886 0.23313 0.353886 0.24055 7 P 0
L 0.353986 0.23313 0.353986 0.24055 7 P 0
L 0.354085 0.23313 0.354085 0.24055 7 P 0
L 0.354186 0.23313 0.354186 0.24055 7 P 0
L 0.354286 0.23313 0.354286 0.24055 7 P 0
L 0.354386 0.23313 0.354386 0.24055 7 P 0
L 0.354485 0.23313 0.354485 0.24055 7 P 0
L 0.354586 0.23313 0.354586 0.24055 7 P 0
L 0.354686 0.23313 0.354686 0.24055 7 P 0
L 0.354786 0.23313 0.354786 0.24055 7 P 0
L 0.354885 0.23313 0.354885 0.24055 7 P 0
L 0.354986 0.23313 0.354986 0.24055 7 P 0
L 0.355086 0.23313 0.355086 0.24055 7 P 0
L 0.355186 0.23313 0.355186 0.24055 7 P 0
L 0.355285 0.23313 0.355285 0.24055 7 P 0
L 0.355386 0.23313 0.355386 0.24055 7 P 0
L 0.355486 0.23313 0.355486 0.24055 7 P 0
L 0.355585 0.23313 0.355585 0.24055 7 P 0
L 0.355686 0.23313 0.355686 0.24055 7 P 0
L 0.355786 0.23313 0.355786 0.24055 7 P 0
L 0.355886 0.23313 0.355886 0.24055 7 P 0
L 0.355985 0.23313 0.355985 0.24055 7 P 0
L 0.356086 0.23313 0.356086 0.24055 7 P 0
L 0.356186 0.23313 0.356186 0.24055 7 P 0
L 0.356286 0.23313 0.356286 0.24055 7 P 0
L 0.356385 0.23313 0.356385 0.24055 7 P 0
L 0.356486 0.23313 0.356486 0.24055 7 P 0
L 0.356586 0.23313 0.356586 0.24055 7 P 0
L 0.356686 0.23313 0.356686 0.24055 7 P 0
L 0.356785 0.23313 0.356785 0.24055 7 P 0
L 0.356886 0.23313 0.356886 0.24055 7 P 0
L 0.356986 0.23313 0.356986 0.24055 7 P 0
L 0.357086 0.23313 0.357086 0.24055 7 P 0
L 0.357185 0.23313 0.357185 0.24055 7 P 0
L 0.357286 0.23313 0.357286 0.24055 7 P 0
L 0.357386 0.23313 0.357386 0.24055 7 P 0
L 0.357485 0.23313 0.357485 0.24055 7 P 0
L 0.357586 0.23313 0.357586 0.24055 7 P 0
L 0.357686 0.23313 0.357686 0.24055 7 P 0
L 0.357786 0.23313 0.357786 0.24055 7 P 0
L 0.357885 0.23313 0.357885 0.24055 7 P 0
L 0.357986 0.23313 0.357986 0.24055 7 P 0
L 0.358086 0.23313 0.358086 0.24055 7 P 0
L 0.358186 0.23313 0.358186 0.24055 7 P 0
L 0.358285 0.23313 0.358285 0.24055 7 P 0
L 0.358386 0.23313 0.358386 0.24055 7 P 0
L 0.358486 0.23313 0.358486 0.24055 7 P 0
L 0.358586 0.23313 0.358586 0.24055 7 P 0
L 0.358685 0.23313 0.358685 0.24055 7 P 0
L 0.358786 0.23313 0.358786 0.24055 7 P 0
L 0.358886 0.23313 0.358886 0.24055 7 P 0
L 0.358986 0.23313 0.358986 0.24055 7 P 0
L 0.359085 0.23313 0.359085 0.24055 7 P 0
L 0.359186 0.23313 0.359186 0.24055 7 P 0
L 0.359286 0.23313 0.359286 0.24055 7 P 0
L 0.359386 0.23313 0.359386 0.24055 7 P 0
L 0.359486 0.23313 0.359486 0.24055 7 P 0
L 0.359586 0.23313 0.359586 0.24055 7 P 0
L 0.359686 0.23313 0.359686 0.24055 7 P 0
L 0.359785 0.23313 0.359785 0.24055 7 P 0
L 0.359886 0.23313 0.359886 0.24055 7 P 0
L 0.359986 0.23313 0.359986 0.24055 7 P 0
L 0.360086 0.23313 0.360086 0.24055 7 P 0
L 0.360185 0.23313 0.360185 0.24055 7 P 0
L 0.360286 0.23313 0.360286 0.24055 7 P 0
L 0.360386 0.23313 0.360386 0.24055 7 P 0
L 0.360486 0.23313 0.360486 0.24055 7 P 0
L 0.360585 0.23313 0.360585 0.24055 7 P 0
L 0.360686 0.23313 0.360686 0.24055 7 P 0
L 0.360786 0.23313 0.360786 0.24055 7 P 0
L 0.360886 0.23313 0.360886 0.24055 7 P 0
L 0.360985 0.23534 0.360985 0.24055 7 P 0
L 0.361086 0.23621 0.361086 0.24055 7 P 0
L 0.361186 0.23683 0.361186 0.24055 7 P 0
L 0.361286 0.2373 0.361286 0.24055 7 P 0
L 0.361386 0.23774 0.361386 0.24055 7 P 0
L 0.361486 0.23807 0.361486 0.24055 7 P 0
L 0.361586 0.23839 0.361586 0.24055 7 P 0
L 0.361685 0.23866 0.361685 0.24055 7 P 0
L 0.361786 0.23891 0.361786 0.24055 7 P 0
L 0.361886 0.23915 0.361886 0.24055 7 P 0
L 0.361986 0.23934 0.361986 0.24055 7 P 0
L 0.362085 0.23953 0.362085 0.24055 7 P 0
L 0.362186 0.23971 0.362186 0.24055 7 P 0
L 0.362286 0.23986 0.362286 0.24055 7 P 0
L 0.362386 0.24001 0.362386 0.24055 7 P 0
L 0.362485 0.24015 0.362485 0.24055 7 P 0
L 0.362586 0.24028 0.362586 0.24055 7 P 0
L 0.362686 0.24039 0.362686 0.24055 7 P 0
L 0.362786 0.2405 0.362786 0.24055 7 P 0
L 0.458536 0.3533 0.459336 0.3533 7 P 0
L 0.457556 0.3532 0.459266 0.3532 7 P 0
L 0.456576 0.3531 0.459196 0.3531 7 P 0
L 0.455596 0.353 0.459136 0.353 7 P 0
L 0.454616 0.3529 0.459076 0.3529 7 P 0
L 0.453636 0.3528 0.459026 0.3528 7 P 0
L 0.452656 0.3527 0.458966 0.3527 7 P 0
L 0.451676 0.3526 0.458916 0.3526 7 P 0
L 0.450696 0.3525 0.458866 0.3525 7 P 0
L 0.449716 0.3524 0.458826 0.3524 7 P 0
L 0.448746 0.3523 0.458786 0.3523 7 P 0
L 0.447766 0.3522 0.458746 0.3522 7 P 0
L 0.446786 0.3521 0.458696 0.3521 7 P 0
L 0.445926 0.352 0.458656 0.352 7 P 0
L 0.446036 0.3519 0.458626 0.3519 7 P 0
L 0.446136 0.3518 0.458596 0.3518 7 P 0
L 0.446246 0.3517 0.458566 0.3517 7 P 0
L 0.446326 0.3516 0.458526 0.3516 7 P 0
L 0.446406 0.3515 0.458496 0.3515 7 P 0
L 0.446486 0.3514 0.458466 0.3514 7 P 0
L 0.446566 0.3513 0.458436 0.3513 7 P 0
L 0.446636 0.3512 0.458416 0.3512 7 P 0
L 0.446696 0.3511 0.458386 0.3511 7 P 0
L 0.446756 0.351 0.458366 0.351 7 P 0
L 0.446816 0.3509 0.458336 0.3509 7 P 0
L 0.446876 0.3508 0.458316 0.3508 7 P 0
L 0.446936 0.3507 0.458286 0.3507 7 P 0
L 0.446986 0.3506 0.458266 0.3506 7 P 0
L 0.447026 0.3505 0.458256 0.3505 7 P 0
L 0.447076 0.3504 0.458236 0.3504 7 P 0
L 0.447126 0.3503 0.458216 0.3503 7 P 0
L 0.447166 0.3502 0.458196 0.3502 7 P 0
L 0.447216 0.3501 0.458176 0.3501 7 P 0
L 0.447246 0.35 0.458166 0.35 7 P 0
L 0.447286 0.3499 0.458146 0.3499 7 P 0
L 0.447316 0.3498 0.458136 0.3498 7 P 0
L 0.447356 0.3497 0.458116 0.3497 7 P 0
L 0.447386 0.3496 0.458106 0.3496 7 P 0
L 0.447416 0.3495 0.458096 0.3495 7 P 0
L 0.447456 0.3494 0.458086 0.3494 7 P 0
L 0.447476 0.3493 0.458076 0.3493 7 P 0
L 0.447506 0.3492 0.458066 0.3492 7 P 0
L 0.447526 0.3491 0.458056 0.3491 7 P 0
L 0.447556 0.349 0.458046 0.349 7 P 0
L 0.447576 0.3489 0.458036 0.3489 7 P 0
L 0.447606 0.3488 0.458026 0.3488 7 P 0
L 0.447636 0.3487 0.458016 0.3487 7 P 0
L 0.447656 0.3486 0.458006 0.3486 7 P 0
L 0.447676 0.3485 0.457996 0.3485 7 P 0
L 0.447686 0.3484 0.457986 0.3484 7 P 0
L 0.447706 0.3483 0.457976 0.3483 7 P 0
L 0.447726 0.3482 0.457966 0.3482 7 P 0
L 0.447746 0.3481 0.457956 0.3481 7 P 0
L 0.447766 0.348 0.457946 0.348 7 P 0
L 0.447776 0.3479 0.457946 0.3479 7 P 0
L 0.447796 0.3478 0.457936 0.3478 7 P 0
L 0.447806 0.3477 0.457936 0.3477 7 P 0
L 0.447816 0.3476 0.457926 0.3476 7 P 0
L 0.447826 0.3475 0.457926 0.3475 7 P 0
L 0.447836 0.3474 0.457916 0.3474 7 P 0
L 0.447846 0.3473 0.457916 0.3473 7 P 0
L 0.447846 0.3472 0.457906 0.3472 7 P 0
L 0.447856 0.3471 0.457906 0.3471 7 P 0
L 0.447866 0.347 0.457906 0.347 7 P 0
L 0.447876 0.3469 0.457906 0.3469 7 P 0
L 0.447886 0.3468 0.457896 0.3468 7 P 0
L 0.447896 0.3467 0.457896 0.3467 7 P 0
L 0.447906 0.3466 0.457896 0.3466 7 P 0
L 0.447916 0.3465 0.457896 0.3465 7 P 0
L 0.447926 0.3464 0.457896 0.3464 7 P 0
L 0.447936 0.3463 0.457896 0.3463 7 P 0
L 0.447936 0.3462 0.457896 0.3462 7 P 0
L 0.447946 0.3461 0.457886 0.3461 7 P 0
L 0.447956 0.346 0.457226 0.346 7 P 0
L 0.447966 0.3459 0.456386 0.3459 7 P 0
L 0.447966 0.3458 0.455546 0.3458 7 P 0
L 0.447976 0.3457 0.454706 0.3457 7 P 0
L 0.447976 0.3456 0.453866 0.3456 7 P 0
L 0.447976 0.3455 0.453026 0.3455 7 P 0
L 0.447976 0.3454 0.452186 0.3454 7 P 0
L 0.447976 0.3453 0.451346 0.3453 7 P 0
L 0.447986 0.3452 0.450506 0.3452 7 P 0
L 0.447986 0.3451 0.449666 0.3451 7 P 0
L 0.447986 0.345 0.448826 0.345 7 P 0
L 0.445986 0.35194 0.445986 0.35202 7 P 0
L 0.446086 0.35185 0.446086 0.35203 7 P 0
L 0.446186 0.35175 0.446186 0.35204 7 P 0
L 0.446286 0.35164 0.446286 0.35205 7 P 0
L 0.446386 0.35152 0.446386 0.35206 7 P 0
L 0.446486 0.35139 0.446486 0.35207 7 P 0
L 0.446586 0.35127 0.446586 0.35208 7 P 0
L 0.446686 0.35111 0.446686 0.35209 7 P 0
L 0.446786 0.35095 0.446786 0.3521 7 P 0
L 0.446886 0.35078 0.446886 0.35211 7 P 0
L 0.446986 0.35059 0.446986 0.35212 7 P 0
L 0.447086 0.35037 0.447086 0.35213 7 P 0
L 0.447186 0.35015 0.447186 0.35214 7 P 0
L 0.447286 0.34988 0.447286 0.35215 7 P 0
L 0.447386 0.34959 0.447386 0.35216 7 P 0
L 0.447486 0.34926 0.447486 0.35217 7 P 0
L 0.447586 0.34887 0.447586 0.35218 7 P 0
L 0.447686 0.34841 0.447686 0.35219 7 P 0
L 0.447786 0.34785 0.447786 0.3522 7 P 0
L 0.447886 0.34679 0.447886 0.35221 7 P 0
L 0.447986 0.3449 0.447986 0.35222 7 P 0
L 0.448086 0.34491 0.448086 0.35223 7 P 0
L 0.448186 0.34492 0.448186 0.35224 7 P 0
L 0.448286 0.34493 0.448286 0.35225 7 P 0
L 0.448386 0.34494 0.448386 0.35226 7 P 0
L 0.448486 0.34496 0.448486 0.35227 7 P 0
L 0.448586 0.34497 0.448586 0.35228 7 P 0
L 0.448686 0.34498 0.448686 0.35229 7 P 0
L 0.448786 0.34499 0.448786 0.3523 7 P 0
L 0.448886 0.345 0.448886 0.35231 7 P 0
L 0.448986 0.34502 0.448986 0.35232 7 P 0
L 0.449086 0.34503 0.449086 0.35233 7 P 0
L 0.449186 0.34504 0.449186 0.35234 7 P 0
L 0.449286 0.34505 0.449286 0.35235 7 P 0
L 0.449386 0.34506 0.449386 0.35236 7 P 0
L 0.449486 0.34508 0.449486 0.35237 7 P 0
L 0.449586 0.34509 0.449586 0.35238 7 P 0
L 0.449686 0.3451 0.449686 0.35239 7 P 0
L 0.449786 0.34511 0.449786 0.3524 7 P 0
L 0.449886 0.34512 0.449886 0.35241 7 P 0
L 0.449986 0.34514 0.449986 0.35242 7 P 0
L 0.450086 0.34515 0.450086 0.35243 7 P 0
L 0.450186 0.34516 0.450186 0.35244 7 P 0
L 0.450286 0.34517 0.450286 0.35246 7 P 0
L 0.450386 0.34518 0.450386 0.35247 7 P 0
L 0.450486 0.34519 0.450486 0.35248 7 P 0
L 0.450586 0.34521 0.450586 0.35249 7 P 0
L 0.450686 0.34522 0.450686 0.3525 7 P 0
L 0.450786 0.34523 0.450786 0.35251 7 P 0
L 0.450886 0.34524 0.450886 0.35252 7 P 0
L 0.450986 0.34525 0.450986 0.35253 7 P 0
L 0.451086 0.34527 0.451086 0.35254 7 P 0
L 0.451186 0.34528 0.451186 0.35255 7 P 0
L 0.451286 0.34529 0.451286 0.35256 7 P 0
L 0.451386 0.3453 0.451386 0.35257 7 P 0
L 0.451486 0.34531 0.451486 0.35258 7 P 0
L 0.451586 0.34533 0.451586 0.35259 7 P 0
L 0.451686 0.34534 0.451686 0.3526 7 P 0
L 0.451786 0.34535 0.451786 0.35261 7 P 0
L 0.451886 0.34536 0.451886 0.35262 7 P 0
L 0.451986 0.34537 0.451986 0.35263 7 P 0
L 0.452086 0.34539 0.452086 0.35264 7 P 0
L 0.452186 0.3454 0.452186 0.35265 7 P 0
L 0.452286 0.34541 0.452286 0.35266 7 P 0
L 0.452386 0.34542 0.452386 0.35267 7 P 0
L 0.452486 0.34543 0.452486 0.35268 7 P 0
L 0.452586 0.34545 0.452586 0.35269 7 P 0
L 0.452686 0.34546 0.452686 0.3527 7 P 0
L 0.452786 0.34547 0.452786 0.35271 7 P 0
L 0.452886 0.34548 0.452886 0.35272 7 P 0
L 0.452986 0.34549 0.452986 0.35273 7 P 0
L 0.453086 0.3455 0.453086 0.35274 7 P 0
L 0.453186 0.34552 0.453186 0.35275 7 P 0
L 0.453286 0.34553 0.453286 0.35276 7 P 0
L 0.453386 0.34554 0.453386 0.35277 7 P 0
L 0.453486 0.34555 0.453486 0.35278 7 P 0
L 0.453586 0.34556 0.453586 0.35279 7 P 0
L 0.453686 0.34558 0.453686 0.3528 7 P 0
L 0.453786 0.34559 0.453786 0.35281 7 P 0
L 0.453886 0.3456 0.453886 0.35282 7 P 0
L 0.453986 0.34561 0.453986 0.35283 7 P 0
L 0.454086 0.34562 0.454086 0.35284 7 P 0
L 0.454186 0.34564 0.454186 0.35285 7 P 0
L 0.454286 0.34565 0.454286 0.35286 7 P 0
L 0.454386 0.34566 0.454386 0.35287 7 P 0
L 0.454486 0.34567 0.454486 0.35288 7 P 0
L 0.454586 0.34568 0.454586 0.35289 7 P 0
L 0.454686 0.3457 0.454686 0.3529 7 P 0
L 0.454786 0.34571 0.454786 0.35291 7 P 0
L 0.454886 0.34572 0.454886 0.35292 7 P 0
L 0.454986 0.34573 0.454986 0.35294 7 P 0
L 0.455086 0.34574 0.455086 0.35295 7 P 0
L 0.455186 0.34575 0.455186 0.35296 7 P 0
L 0.455286 0.34577 0.455286 0.35297 7 P 0
L 0.455386 0.34578 0.455386 0.35298 7 P 0
L 0.455486 0.34579 0.455486 0.35299 7 P 0
L 0.455586 0.3458 0.455586 0.353 7 P 0
L 0.455686 0.34581 0.455686 0.35301 7 P 0
L 0.455786 0.34583 0.455786 0.35302 7 P 0
L 0.455886 0.34584 0.455886 0.35303 7 P 0
L 0.455986 0.34585 0.455986 0.35304 7 P 0
L 0.456086 0.34586 0.456086 0.35305 7 P 0
L 0.456186 0.34587 0.456186 0.35306 7 P 0
L 0.456286 0.34589 0.456286 0.35307 7 P 0
L 0.456386 0.3459 0.456386 0.35308 7 P 0
L 0.456486 0.34591 0.456486 0.35309 7 P 0
L 0.456586 0.34592 0.456586 0.3531 7 P 0
L 0.456686 0.34593 0.456686 0.35311 7 P 0
L 0.456786 0.34595 0.456786 0.35312 7 P 0
L 0.456886 0.34596 0.456886 0.35313 7 P 0
L 0.456986 0.34597 0.456986 0.35314 7 P 0
L 0.457086 0.34598 0.457086 0.35315 7 P 0
L 0.457186 0.34599 0.457186 0.35316 7 P 0
L 0.457286 0.346 0.457286 0.35317 7 P 0
L 0.457386 0.34602 0.457386 0.35318 7 P 0
L 0.457486 0.34603 0.457486 0.35319 7 P 0
L 0.457586 0.34604 0.457586 0.3532 7 P 0
L 0.457686 0.34605 0.457686 0.35321 7 P 0
L 0.457786 0.34606 0.457786 0.35322 7 P 0
L 0.457886 0.34608 0.457886 0.35323 7 P 0
L 0.457986 0.34844 0.457986 0.35324 7 P 0
L 0.458086 0.34938 0.458086 0.35325 7 P 0
L 0.458186 0.35014 0.458186 0.35326 7 P 0
L 0.458286 0.35068 0.458286 0.35327 7 P 0
L 0.458386 0.35109 0.458386 0.35328 7 P 0
L 0.458486 0.35147 0.458486 0.35329 7 P 0
L 0.458586 0.35178 0.458586 0.3533 7 P 0
L 0.458686 0.35207 0.458686 0.35331 7 P 0
L 0.458786 0.35231 0.458786 0.35332 7 P 0
L 0.458886 0.35255 0.458886 0.35333 7 P 0
L 0.458986 0.35273 0.458986 0.35334 7 P 0
L 0.459086 0.35292 0.459086 0.35335 7 P 0
L 0.459186 0.35309 0.459186 0.35336 7 P 0
L 0.459286 0.35323 0.459286 0.35337 7 P 0
L 0.459386 0.35337 0.459386 0.35338 7 P 0
L 0.324136 0.17854 0.324656 0.17854 7 P 0
L 0.324206 0.17844 0.325336 0.17844 7 P 0
L 0.324276 0.17834 0.326025 0.17834 7 P 0
L 0.324335 0.17824 0.326705 0.17824 7 P 0
L 0.324385 0.17814 0.327396 0.17814 7 P 0
L 0.324436 0.17804 0.328076 0.17804 7 P 0
L 0.324486 0.17794 0.328766 0.17794 7 P 0
L 0.324536 0.17784 0.329446 0.17784 7 P 0
L 0.324586 0.17774 0.330136 0.17774 7 P 0
L 0.324626 0.17764 0.330815 0.17764 7 P 0
L 0.324656 0.17754 0.331506 0.17754 7 P 0
L 0.324696 0.17744 0.332186 0.17744 7 P 0
L 0.324735 0.17734 0.332875 0.17734 7 P 0
L 0.324776 0.17724 0.333555 0.17724 7 P 0
L 0.324816 0.17714 0.334246 0.17714 7 P 0
L 0.324846 0.17704 0.334926 0.17704 7 P 0
L 0.324875 0.17694 0.335606 0.17694 7 P 0
L 0.324906 0.17684 0.336296 0.17684 7 P 0
L 0.324936 0.17674 0.336976 0.17674 7 P 0
L 0.324966 0.17664 0.337665 0.17664 7 P 0
L 0.324995 0.17654 0.337606 0.17654 7 P 0
L 0.325015 0.17644 0.337496 0.17644 7 P 0
L 0.325046 0.17634 0.337376 0.17634 7 P 0
L 0.325065 0.17624 0.337285 0.17624 7 P 0
L 0.325086 0.17614 0.337195 0.17614 7 P 0
L 0.325106 0.17604 0.337106 0.17604 7 P 0
L 0.325135 0.17594 0.337026 0.17594 7 P 0
L 0.325156 0.17584 0.336935 0.17584 7 P 0
L 0.325176 0.17574 0.336876 0.17574 7 P 0
L 0.325196 0.17564 0.336806 0.17564 7 P 0
L 0.325205 0.17554 0.336746 0.17554 7 P 0
L 0.325226 0.17544 0.336675 0.17544 7 P 0
L 0.325246 0.17534 0.336605 0.17534 7 P 0
L 0.325266 0.17524 0.336556 0.17524 7 P 0
L 0.325275 0.17514 0.336506 0.17514 7 P 0
L 0.325296 0.17504 0.336456 0.17504 7 P 0
L 0.325306 0.17494 0.336406 0.17494 7 P 0
L 0.325316 0.17484 0.336356 0.17484 7 P 0
L 0.325325 0.17474 0.336305 0.17474 7 P 0
L 0.325325 0.17464 0.336266 0.17464 7 P 0
L 0.325336 0.17454 0.336226 0.17454 7 P 0
L 0.325345 0.17444 0.336196 0.17444 7 P 0
L 0.325356 0.17434 0.336156 0.17434 7 P 0
L 0.325366 0.17424 0.336115 0.17424 7 P 0
L 0.325376 0.17414 0.336076 0.17414 7 P 0
L 0.325376 0.17404 0.336045 0.17404 7 P 0
L 0.325386 0.17394 0.336016 0.17394 7 P 0
L 0.325395 0.17384 0.335986 0.17384 7 P 0
L 0.325406 0.17374 0.335956 0.17374 7 P 0
L 0.325415 0.17364 0.335925 0.17364 7 P 0
L 0.325415 0.17354 0.335905 0.17354 7 P 0
L 0.325426 0.17344 0.335876 0.17344 7 P 0
L 0.325436 0.17334 0.335846 0.17334 7 P 0
L 0.325446 0.17324 0.335816 0.17324 7 P 0
L 0.325456 0.17314 0.335796 0.17314 7 P 0
L 0.325456 0.17304 0.335776 0.17304 7 P 0
L 0.325465 0.17294 0.335756 0.17294 7 P 0
L 0.325476 0.17284 0.335746 0.17284 7 P 0
L 0.325485 0.17274 0.335726 0.17274 7 P 0
L 0.325496 0.17264 0.335706 0.17264 7 P 0
L 0.325496 0.17254 0.335686 0.17254 7 P 0
L 0.325506 0.17244 0.335666 0.17244 7 P 0
L 0.325516 0.17234 0.335645 0.17234 7 P 0
L 0.325526 0.17224 0.335636 0.17224 7 P 0
L 0.325526 0.17214 0.335626 0.17214 7 P 0
L 0.325526 0.17204 0.335606 0.17204 7 P 0
L 0.325535 0.17194 0.335596 0.17194 7 P 0
L 0.325535 0.17184 0.335586 0.17184 7 P 0
L 0.325535 0.17174 0.335575 0.17174 7 P 0
L 0.325535 0.17164 0.335556 0.17164 7 P 0
L 0.325535 0.17154 0.335546 0.17154 7 P 0
L 0.325535 0.17144 0.335536 0.17144 7 P 0
L 0.325535 0.17134 0.335526 0.17134 7 P 0
L 0.325546 0.17124 0.335526 0.17124 7 P 0
L 0.325546 0.17114 0.335516 0.17114 7 P 0
L 0.326136 0.17104 0.335505 0.17104 7 P 0
L 0.326716 0.17094 0.335496 0.17094 7 P 0
L 0.327306 0.17084 0.335496 0.17084 7 P 0
L 0.327896 0.17074 0.335486 0.17074 7 P 0
L 0.328486 0.17064 0.335476 0.17064 7 P 0
L 0.329075 0.17054 0.335476 0.17054 7 P 0
L 0.329656 0.17044 0.335466 0.17044 7 P 0
L 0.330246 0.17034 0.335466 0.17034 7 P 0
L 0.330835 0.17024 0.335466 0.17024 7 P 0
L 0.331425 0.17014 0.335455 0.17014 7 P 0
L 0.332016 0.17004 0.335455 0.17004 7 P 0
L 0.332595 0.16994 0.335455 0.16994 7 P 0
L 0.333186 0.16984 0.335455 0.16984 7 P 0
L 0.333776 0.16974 0.335455 0.16974 7 P 0
L 0.334366 0.16964 0.335446 0.16964 7 P 0
L 0.334956 0.16954 0.335446 0.16954 7 P 0
L 0.324146 0.17853 0.324146 0.17861 7 P 0
L 0.324245 0.17838 0.324245 0.1786 7 P 0
L 0.324346 0.17821 0.324346 0.17858 7 P 0
L 0.324446 0.17802 0.324446 0.17857 7 P 0
L 0.324546 0.17782 0.324546 0.17855 7 P 0
L 0.324645 0.17758 0.324645 0.17854 7 P 0
L 0.324746 0.17733 0.324746 0.17852 7 P 0
L 0.324846 0.17704 0.324846 0.17851 7 P 0
L 0.324945 0.17671 0.324945 0.17849 7 P 0
L 0.325046 0.17633 0.325046 0.17848 7 P 0
L 0.325146 0.17589 0.325146 0.17846 7 P 0
L 0.325246 0.17534 0.325246 0.17845 7 P 0
L 0.325345 0.17448 0.325345 0.17843 7 P 0
L 0.325446 0.17324 0.325446 0.17842 7 P 0
L 0.325546 0.17114 0.325546 0.17841 7 P 0
L 0.325646 0.17112 0.325646 0.17839 7 P 0
L 0.325745 0.1711 0.325745 0.17838 7 P 0
L 0.325846 0.17108 0.325846 0.17836 7 P 0
L 0.325946 0.17107 0.325946 0.17835 7 P 0
L 0.326046 0.17105 0.326046 0.17833 7 P 0
L 0.326145 0.17103 0.326145 0.17832 7 P 0
L 0.326246 0.17102 0.326246 0.1783 7 P 0
L 0.326346 0.171 0.326346 0.17829 7 P 0
L 0.326446 0.17098 0.326446 0.17827 7 P 0
L 0.326545 0.17097 0.326545 0.17826 7 P 0
L 0.326646 0.17095 0.326646 0.17825 7 P 0
L 0.326746 0.17093 0.326746 0.17823 7 P 0
L 0.326845 0.17091 0.326845 0.17822 7 P 0
L 0.326946 0.1709 0.326946 0.1782 7 P 0
L 0.327046 0.17088 0.327046 0.17819 7 P 0
L 0.327146 0.17086 0.327146 0.17817 7 P 0
L 0.327245 0.17085 0.327245 0.17816 7 P 0
L 0.327346 0.17083 0.327346 0.17814 7 P 0
L 0.327446 0.17081 0.327446 0.17813 7 P 0
L 0.327546 0.1708 0.327546 0.17811 7 P 0
L 0.327645 0.17078 0.327645 0.1781 7 P 0
L 0.327746 0.17076 0.327746 0.17808 7 P 0
L 0.327846 0.17074 0.327846 0.17807 7 P 0
L 0.327946 0.17073 0.327946 0.17806 7 P 0
L 0.328045 0.17071 0.328045 0.17804 7 P 0
L 0.328146 0.17069 0.328146 0.17803 7 P 0
L 0.328246 0.17068 0.328246 0.17801 7 P 0
L 0.328346 0.17066 0.328346 0.178 7 P 0
L 0.328445 0.17064 0.328445 0.17798 7 P 0
L 0.328546 0.17063 0.328546 0.17797 7 P 0
L 0.328646 0.17061 0.328646 0.17795 7 P 0
L 0.328746 0.17059 0.328746 0.17794 7 P 0
L 0.328846 0.17057 0.328846 0.17792 7 P 0
L 0.328946 0.17056 0.328946 0.17791 7 P 0
L 0.329046 0.17054 0.329046 0.17789 7 P 0
L 0.329145 0.17052 0.329145 0.17788 7 P 0
L 0.329246 0.17051 0.329246 0.17787 7 P 0
L 0.329346 0.17049 0.329346 0.17785 7 P 0
L 0.329446 0.17047 0.329446 0.17784 7 P 0
L 0.329545 0.17046 0.329545 0.17782 7 P 0
L 0.329646 0.17044 0.329646 0.17781 7 P 0
L 0.329746 0.17042 0.329746 0.17779 7 P 0
L 0.329846 0.1704 0.329846 0.17778 7 P 0
L 0.329945 0.17039 0.329945 0.17776 7 P 0
L 0.330046 0.17037 0.330046 0.17775 7 P 0
L 0.330146 0.17035 0.330146 0.17773 7 P 0
L 0.330246 0.17034 0.330246 0.17772 7 P 0
L 0.330345 0.17032 0.330345 0.1777 7 P 0
L 0.330446 0.1703 0.330446 0.17769 7 P 0
L 0.330546 0.17029 0.330546 0.17768 7 P 0
L 0.330646 0.17027 0.330646 0.17766 7 P 0
L 0.330746 0.17025 0.330746 0.17765 7 P 0
L 0.330846 0.17023 0.330846 0.17763 7 P 0
L 0.330946 0.17022 0.330946 0.17762 7 P 0
L 0.331045 0.1702 0.331045 0.1776 7 P 0
L 0.331146 0.17018 0.331146 0.17759 7 P 0
L 0.331246 0.17017 0.331246 0.17757 7 P 0
L 0.331346 0.17015 0.331346 0.17756 7 P 0
L 0.331445 0.17013 0.331445 0.17754 7 P 0
L 0.331546 0.17012 0.331546 0.17753 7 P 0
L 0.331646 0.1701 0.331646 0.17752 7 P 0
L 0.331746 0.17008 0.331746 0.1775 7 P 0
L 0.331845 0.17006 0.331845 0.17749 7 P 0
L 0.331946 0.17005 0.331946 0.17747 7 P 0
L 0.332046 0.17003 0.332046 0.17746 7 P 0
L 0.332146 0.17001 0.332146 0.17744 7 P 0
L 0.332245 0.17 0.332245 0.17743 7 P 0
L 0.332346 0.16998 0.332346 0.17741 7 P 0
L 0.332446 0.16996 0.332446 0.1774 7 P 0
L 0.332546 0.16995 0.332546 0.17738 7 P 0
L 0.332645 0.16993 0.332645 0.17737 7 P 0
L 0.332746 0.16991 0.332746 0.17735 7 P 0
L 0.332846 0.16989 0.332846 0.17734 7 P 0
L 0.332945 0.16988 0.332945 0.17733 7 P 0
L 0.333046 0.16986 0.333046 0.17731 7 P 0
L 0.333146 0.16984 0.333146 0.1773 7 P 0
L 0.333246 0.16983 0.333246 0.17728 7 P 0
L 0.333345 0.16981 0.333345 0.17727 7 P 0
L 0.333446 0.16979 0.333446 0.17725 7 P 0
L 0.333546 0.16978 0.333546 0.17724 7 P 0
L 0.333646 0.16976 0.333646 0.17722 7 P 0
L 0.333745 0.16974 0.333745 0.17721 7 P 0
L 0.333846 0.16972 0.333846 0.17719 7 P 0
L 0.333946 0.16971 0.333946 0.17718 7 P 0
L 0.334046 0.16969 0.334046 0.17716 7 P 0
L 0.334145 0.16967 0.334145 0.17715 7 P 0
L 0.334246 0.16966 0.334246 0.17714 7 P 0
L 0.334346 0.16964 0.334346 0.17712 7 P 0
L 0.334446 0.16962 0.334446 0.17711 7 P 0
L 0.334545 0.16961 0.334545 0.17709 7 P 0
L 0.334646 0.16959 0.334646 0.17708 7 P 0
L 0.334746 0.16957 0.334746 0.17706 7 P 0
L 0.334845 0.16955 0.334845 0.17705 7 P 0
L 0.334946 0.16954 0.334946 0.17703 7 P 0
L 0.335046 0.16952 0.335046 0.17702 7 P 0
L 0.335146 0.1695 0.335146 0.177 7 P 0
L 0.335245 0.16949 0.335245 0.17699 7 P 0
L 0.335346 0.16947 0.335346 0.17697 7 P 0
L 0.335446 0.16945 0.335446 0.17696 7 P 0
L 0.335546 0.17151 0.335546 0.17695 7 P 0
L 0.335645 0.1723 0.335645 0.17693 7 P 0
L 0.335746 0.17284 0.335746 0.17692 7 P 0
L 0.335846 0.17332 0.335846 0.1769 7 P 0
L 0.335946 0.17369 0.335946 0.17689 7 P 0
L 0.336045 0.17404 0.336045 0.17687 7 P 0
L 0.336146 0.17431 0.336146 0.17686 7 P 0
L 0.336246 0.17457 0.336246 0.17684 7 P 0
L 0.336346 0.17481 0.336346 0.17683 7 P 0
L 0.336445 0.17501 0.336445 0.17681 7 P 0
L 0.336546 0.17521 0.336546 0.1768 7 P 0
L 0.336646 0.17539 0.336646 0.17678 7 P 0
L 0.336746 0.17554 0.336746 0.17677 7 P 0
L 0.336846 0.17569 0.336846 0.17676 7 P 0
L 0.336946 0.17584 0.336946 0.17674 7 P 0
L 0.337046 0.17596 0.337046 0.17673 7 P 0
L 0.337145 0.17608 0.337145 0.17671 7 P 0
L 0.337246 0.17619 0.337246 0.1767 7 P 0
L 0.337346 0.17631 0.337346 0.17668 7 P 0
L 0.337446 0.17639 0.337446 0.17667 7 P 0
L 0.337545 0.17648 0.337545 0.17665 7 P 0
L 0.337646 0.17656 0.337646 0.17664 7 P 0
L 0.454876 0.20588 0.454896 0.20588 7 P 0
L 0.454876 0.20578 0.454996 0.20578 7 P 0
L 0.454866 0.20568 0.455096 0.20568 7 P 0
L 0.454856 0.20558 0.455196 0.20558 7 P 0
L 0.454856 0.20548 0.455296 0.20548 7 P 0
L 0.454846 0.20538 0.455396 0.20538 7 P 0
L 0.454826 0.20528 0.455496 0.20528 7 P 0
L 0.454806 0.20518 0.455596 0.20518 7 P 0
L 0.454786 0.20508 0.455696 0.20508 7 P 0
L 0.454766 0.20498 0.455796 0.20498 7 P 0
L 0.454746 0.20488 0.455896 0.20488 7 P 0
L 0.454716 0.20478 0.455996 0.20478 7 P 0
L 0.454686 0.20468 0.456096 0.20468 7 P 0
L 0.454656 0.20458 0.456196 0.20458 7 P 0
L 0.454626 0.20448 0.456296 0.20448 7 P 0
L 0.454596 0.20438 0.456396 0.20438 7 P 0
L 0.454566 0.20428 0.456496 0.20428 7 P 0
L 0.454526 0.20418 0.456596 0.20418 7 P 0
L 0.454486 0.20408 0.456696 0.20408 7 P 0
L 0.454446 0.20398 0.456796 0.20398 7 P 0
L 0.454406 0.20388 0.456896 0.20388 7 P 0
L 0.454356 0.20378 0.456996 0.20378 7 P 0
L 0.454316 0.20368 0.457096 0.20368 7 P 0
L 0.454276 0.20358 0.457196 0.20358 7 P 0
L 0.454226 0.20348 0.457296 0.20348 7 P 0
L 0.454166 0.20338 0.457396 0.20338 7 P 0
L 0.454116 0.20328 0.457496 0.20328 7 P 0
L 0.454066 0.20318 0.457596 0.20318 7 P 0
L 0.454016 0.20308 0.457696 0.20308 7 P 0
L 0.453956 0.20298 0.457796 0.20298 7 P 0
L 0.453906 0.20288 0.457896 0.20288 7 P 0
L 0.453836 0.20278 0.457996 0.20278 7 P 0
L 0.453776 0.20268 0.458096 0.20268 7 P 0
L 0.453716 0.20258 0.458196 0.20258 7 P 0
L 0.453656 0.20248 0.458296 0.20248 7 P 0
L 0.453586 0.20238 0.458396 0.20238 7 P 0
L 0.453526 0.20228 0.458496 0.20228 7 P 0
L 0.453456 0.20218 0.458596 0.20218 7 P 0
L 0.453386 0.20208 0.458696 0.20208 7 P 0
L 0.453316 0.20198 0.458796 0.20198 7 P 0
L 0.453246 0.20188 0.458896 0.20188 7 P 0
L 0.453176 0.20178 0.458996 0.20178 7 P 0
L 0.453096 0.20168 0.459096 0.20168 7 P 0
L 0.453026 0.20158 0.459196 0.20158 7 P 0
L 0.452956 0.20148 0.459296 0.20148 7 P 0
L 0.452866 0.20138 0.459396 0.20138 7 P 0
L 0.452786 0.20128 0.459496 0.20128 7 P 0
L 0.452696 0.20118 0.459596 0.20118 7 P 0
L 0.452616 0.20108 0.459696 0.20108 7 P 0
L 0.452526 0.20098 0.459796 0.20098 7 P 0
L 0.452446 0.20088 0.459896 0.20088 7 P 0
L 0.452356 0.20078 0.459996 0.20078 7 P 0
L 0.452276 0.20068 0.460096 0.20068 7 P 0
L 0.452186 0.20058 0.460196 0.20058 7 P 0
L 0.452106 0.20048 0.460296 0.20048 7 P 0
L 0.452026 0.20038 0.460396 0.20038 7 P 0
L 0.451936 0.20028 0.460496 0.20028 7 P 0
L 0.451856 0.20018 0.460596 0.20018 7 P 0
L 0.451766 0.20008 0.460696 0.20008 7 P 0
L 0.451676 0.19998 0.460796 0.19998 7 P 0
L 0.451586 0.19988 0.460896 0.19988 7 P 0
L 0.451486 0.19978 0.460996 0.19978 7 P 0
L 0.451386 0.19968 0.461096 0.19968 7 P 0
L 0.451296 0.19958 0.461196 0.19958 7 P 0
L 0.451196 0.19948 0.461296 0.19948 7 P 0
L 0.451096 0.19938 0.461396 0.19938 7 P 0
L 0.451006 0.19928 0.461496 0.19928 7 P 0
L 0.451106 0.19918 0.461596 0.19918 7 P 0
L 0.451206 0.19908 0.461696 0.19908 7 P 0
L 0.451306 0.19898 0.461796 0.19898 7 P 0
L 0.451406 0.19888 0.461896 0.19888 7 P 0
L 0.451506 0.19878 0.461996 0.19878 7 P 0
L 0.451606 0.19868 0.462096 0.19868 7 P 0
L 0.451706 0.19858 0.462196 0.19858 7 P 0
L 0.451806 0.19848 0.462296 0.19848 7 P 0
L 0.451906 0.19838 0.462396 0.19838 7 P 0
L 0.452006 0.19828 0.462496 0.19828 7 P 0
L 0.452106 0.19818 0.462596 0.19818 7 P 0
L 0.452206 0.19808 0.462696 0.19808 7 P 0
L 0.452306 0.19798 0.462796 0.19798 7 P 0
L 0.452406 0.19788 0.462896 0.19788 7 P 0
L 0.452506 0.19778 0.462996 0.19778 7 P 0
L 0.452606 0.19768 0.463096 0.19768 7 P 0
L 0.452706 0.19758 0.463196 0.19758 7 P 0
L 0.452806 0.19748 0.463296 0.19748 7 P 0
L 0.452906 0.19738 0.463396 0.19738 7 P 0
L 0.453006 0.19728 0.463496 0.19728 7 P 0
L 0.453106 0.19718 0.463596 0.19718 7 P 0
L 0.453206 0.19708 0.463696 0.19708 7 P 0
L 0.453306 0.19698 0.463796 0.19698 7 P 0
L 0.453406 0.19688 0.463896 0.19688 7 P 0
L 0.453506 0.19678 0.463996 0.19678 7 P 0
L 0.453606 0.19668 0.464096 0.19668 7 P 0
L 0.453706 0.19658 0.464196 0.19658 7 P 0
L 0.453806 0.19648 0.464296 0.19648 7 P 0
L 0.453906 0.19638 0.464396 0.19638 7 P 0
L 0.454006 0.19628 0.464496 0.19628 7 P 0
L 0.454106 0.19618 0.464596 0.19618 7 P 0
L 0.454206 0.19608 0.463916 0.19608 7 P 0
L 0.454306 0.19598 0.463456 0.19598 7 P 0
L 0.454406 0.19588 0.463136 0.19588 7 P 0
L 0.454506 0.19578 0.462846 0.19578 7 P 0
L 0.454606 0.19568 0.462606 0.19568 7 P 0
L 0.454706 0.19558 0.462376 0.19558 7 P 0
L 0.454806 0.19548 0.462166 0.19548 7 P 0
L 0.454906 0.19538 0.461986 0.19538 7 P 0
L 0.455006 0.19528 0.461796 0.19528 7 P 0
L 0.455106 0.19518 0.461606 0.19518 7 P 0
L 0.455206 0.19508 0.461446 0.19508 7 P 0
L 0.455306 0.19498 0.461286 0.19498 7 P 0
L 0.455406 0.19488 0.461126 0.19488 7 P 0
L 0.455506 0.19478 0.460966 0.19478 7 P 0
L 0.455606 0.19468 0.460826 0.19468 7 P 0
L 0.455706 0.19458 0.460686 0.19458 7 P 0
L 0.455806 0.19448 0.460546 0.19448 7 P 0
L 0.455906 0.19438 0.460406 0.19438 7 P 0
L 0.456006 0.19428 0.460276 0.19428 7 P 0
L 0.456106 0.19418 0.460146 0.19418 7 P 0
L 0.456206 0.19408 0.460016 0.19408 7 P 0
L 0.456306 0.19398 0.459896 0.19398 7 P 0
L 0.456406 0.19388 0.459776 0.19388 7 P 0
L 0.456506 0.19378 0.459646 0.19378 7 P 0
L 0.456606 0.19368 0.459526 0.19368 7 P 0
L 0.456706 0.19358 0.459416 0.19358 7 P 0
L 0.456806 0.19348 0.459306 0.19348 7 P 0
L 0.456906 0.19338 0.459196 0.19338 7 P 0
L 0.457006 0.19328 0.459086 0.19328 7 P 0
L 0.457106 0.19318 0.458976 0.19318 7 P 0
L 0.457206 0.19308 0.458876 0.19308 7 P 0
L 0.457306 0.19298 0.458766 0.19298 7 P 0
L 0.457406 0.19288 0.458656 0.19288 7 P 0
L 0.457506 0.19278 0.458546 0.19278 7 P 0
L 0.457606 0.19268 0.458436 0.19268 7 P 0
L 0.457706 0.19258 0.458336 0.19258 7 P 0
L 0.457806 0.19248 0.458226 0.19248 7 P 0
L 0.457906 0.19238 0.458116 0.19238 7 P 0
L 0.458006 0.19228 0.458006 0.19228 7 P 0
L 0.451006 0.19928 0.451006 0.19928 7 P 0
L 0.451106 0.19918 0.451106 0.19938 7 P 0
L 0.451206 0.19908 0.451206 0.19949 7 P 0
L 0.451306 0.19898 0.451306 0.19959 7 P 0
L 0.451406 0.19888 0.451406 0.19969 7 P 0
L 0.451506 0.19878 0.451506 0.1998 7 P 0
L 0.451606 0.19868 0.451606 0.1999 7 P 0
L 0.451706 0.19858 0.451706 0.20001 7 P 0
L 0.451806 0.19848 0.451806 0.20012 7 P 0
L 0.451906 0.19838 0.451906 0.20024 7 P 0
L 0.452006 0.19828 0.452006 0.20036 7 P 0
L 0.452106 0.19818 0.452106 0.20048 7 P 0
L 0.452206 0.19808 0.452206 0.20059 7 P 0
L 0.452306 0.19798 0.452306 0.20071 7 P 0
L 0.452406 0.19788 0.452406 0.20083 7 P 0
L 0.452506 0.19778 0.452506 0.20095 7 P 0
L 0.452606 0.19768 0.452606 0.20107 7 P 0
L 0.452706 0.19758 0.452706 0.20118 7 P 0
L 0.452806 0.19748 0.452806 0.2013 7 P 0
L 0.452906 0.19738 0.452906 0.20142 7 P 0
L 0.453006 0.19728 0.453006 0.20154 7 P 0
L 0.453106 0.19718 0.453106 0.20168 7 P 0
L 0.453206 0.19708 0.453206 0.20182 7 P 0
L 0.453306 0.19698 0.453306 0.20196 7 P 0
L 0.453406 0.19688 0.453406 0.2021 7 P 0
L 0.453506 0.19678 0.453506 0.20224 7 P 0
L 0.453606 0.19668 0.453606 0.2024 7 P 0
L 0.453706 0.19658 0.453706 0.20256 7 P 0
L 0.453806 0.19648 0.453806 0.20272 7 P 0
L 0.453906 0.19638 0.453906 0.20288 7 P 0
L 0.454006 0.19628 0.454006 0.20306 7 P 0
L 0.454106 0.19618 0.454106 0.20325 7 P 0
L 0.454206 0.19608 0.454206 0.20344 7 P 0
L 0.454306 0.19598 0.454306 0.20364 7 P 0
L 0.454406 0.19588 0.454406 0.20388 7 P 0
L 0.454506 0.19578 0.454506 0.20412 7 P 0
L 0.454606 0.19568 0.454606 0.2044 7 P 0
L 0.454706 0.19558 0.454706 0.20472 7 P 0
L 0.454806 0.19548 0.454806 0.20518 7 P 0
L 0.454906 0.19538 0.454906 0.20587 7 P 0
L 0.455006 0.19528 0.455006 0.20577 7 P 0
L 0.455106 0.19518 0.455106 0.20567 7 P 0
L 0.455206 0.19508 0.455206 0.20557 7 P 0
L 0.455306 0.19498 0.455306 0.20547 7 P 0
L 0.455406 0.19488 0.455406 0.20537 7 P 0
L 0.455506 0.19478 0.455506 0.20527 7 P 0
L 0.455606 0.19468 0.455606 0.20517 7 P 0
L 0.455706 0.19458 0.455706 0.20507 7 P 0
L 0.455806 0.19448 0.455806 0.20497 7 P 0
L 0.455906 0.19438 0.455906 0.20487 7 P 0
L 0.456006 0.19428 0.456006 0.20477 7 P 0
L 0.456106 0.19418 0.456106 0.20467 7 P 0
L 0.456206 0.19408 0.456206 0.20457 7 P 0
L 0.456306 0.19398 0.456306 0.20447 7 P 0
L 0.456406 0.19388 0.456406 0.20437 7 P 0
L 0.456506 0.19378 0.456506 0.20427 7 P 0
L 0.456606 0.19368 0.456606 0.20417 7 P 0
L 0.456706 0.19358 0.456706 0.20407 7 P 0
L 0.456806 0.19348 0.456806 0.20397 7 P 0
L 0.456906 0.19338 0.456906 0.20387 7 P 0
L 0.457006 0.19328 0.457006 0.20377 7 P 0
L 0.457106 0.19318 0.457106 0.20367 7 P 0
L 0.457206 0.19308 0.457206 0.20357 7 P 0
L 0.457306 0.19298 0.457306 0.20347 7 P 0
L 0.457406 0.19288 0.457406 0.20337 7 P 0
L 0.457506 0.19278 0.457506 0.20327 7 P 0
L 0.457606 0.19268 0.457606 0.20317 7 P 0
L 0.457706 0.19258 0.457706 0.20307 7 P 0
L 0.457806 0.19248 0.457806 0.20297 7 P 0
L 0.457906 0.19238 0.457906 0.20287 7 P 0
L 0.458006 0.19228 0.458006 0.20277 7 P 0
L 0.458106 0.19237 0.458106 0.20267 7 P 0
L 0.458206 0.19246 0.458206 0.20257 7 P 0
L 0.458306 0.19255 0.458306 0.20247 7 P 0
L 0.458406 0.19264 0.458406 0.20237 7 P 0
L 0.458506 0.19274 0.458506 0.20227 7 P 0
L 0.458606 0.19283 0.458606 0.20217 7 P 0
L 0.458706 0.19292 0.458706 0.20207 7 P 0
L 0.458806 0.19301 0.458806 0.20197 7 P 0
L 0.458906 0.19311 0.458906 0.20187 7 P 0
L 0.459006 0.1932 0.459006 0.20177 7 P 0
L 0.459106 0.19329 0.459106 0.20167 7 P 0
L 0.459206 0.19339 0.459206 0.20157 7 P 0
L 0.459306 0.19348 0.459306 0.20147 7 P 0
L 0.459406 0.19357 0.459406 0.20137 7 P 0
L 0.459506 0.19366 0.459506 0.20127 7 P 0
L 0.459606 0.19374 0.459606 0.20117 7 P 0
L 0.459706 0.19382 0.459706 0.20107 7 P 0
L 0.459806 0.1939 0.459806 0.20097 7 P 0
L 0.459906 0.19398 0.459906 0.20087 7 P 0
L 0.460006 0.19407 0.460006 0.20077 7 P 0
L 0.460106 0.19415 0.460106 0.20067 7 P 0
L 0.460206 0.19423 0.460206 0.20057 7 P 0
L 0.460306 0.1943 0.460306 0.20047 7 P 0
L 0.460406 0.19437 0.460406 0.20037 7 P 0
L 0.460506 0.19445 0.460506 0.20027 7 P 0
L 0.460606 0.19452 0.460606 0.20017 7 P 0
L 0.460706 0.19459 0.460706 0.20007 7 P 0
L 0.460806 0.19466 0.460806 0.19997 7 P 0
L 0.460906 0.19473 0.460906 0.19987 7 P 0
L 0.461006 0.1948 0.461006 0.19977 7 P 0
L 0.461106 0.19486 0.461106 0.19967 7 P 0
L 0.461206 0.19492 0.461206 0.19957 7 P 0
L 0.461306 0.19499 0.461306 0.19947 7 P 0
L 0.461406 0.19505 0.461406 0.19937 7 P 0
L 0.461506 0.19511 0.461506 0.19927 7 P 0
L 0.461606 0.19518 0.461606 0.19917 7 P 0
L 0.461706 0.19523 0.461706 0.19907 7 P 0
L 0.461806 0.19528 0.461806 0.19897 7 P 0
L 0.461906 0.19534 0.461906 0.19887 7 P 0
L 0.462006 0.19539 0.462006 0.19877 7 P 0
L 0.462106 0.19544 0.462106 0.19867 7 P 0
L 0.462206 0.1955 0.462206 0.19857 7 P 0
L 0.462306 0.19555 0.462306 0.19847 7 P 0
L 0.462406 0.19559 0.462406 0.19837 7 P 0
L 0.462506 0.19563 0.462506 0.19827 7 P 0
L 0.462606 0.19568 0.462606 0.19817 7 P 0
L 0.462706 0.19572 0.462706 0.19807 7 P 0
L 0.462806 0.19576 0.462806 0.19797 7 P 0
L 0.462906 0.1958 0.462906 0.19787 7 P 0
L 0.463006 0.19584 0.463006 0.19777 7 P 0
L 0.463106 0.19587 0.463106 0.19767 7 P 0
L 0.463206 0.1959 0.463206 0.19757 7 P 0
L 0.463306 0.19593 0.463306 0.19747 7 P 0
L 0.463406 0.19596 0.463406 0.19737 7 P 0
L 0.463506 0.19599 0.463506 0.19727 7 P 0
L 0.463606 0.19602 0.463606 0.19717 7 P 0
L 0.463706 0.19604 0.463706 0.19707 7 P 0
L 0.463806 0.19606 0.463806 0.19697 7 P 0
L 0.463906 0.19608 0.463906 0.19687 7 P 0
L 0.464006 0.1961 0.464006 0.19677 7 P 0
L 0.464106 0.19611 0.464106 0.19667 7 P 0
L 0.464206 0.19613 0.464206 0.19657 7 P 0
L 0.464306 0.19613 0.464306 0.19647 7 P 0
L 0.464406 0.19614 0.464406 0.19637 7 P 0
L 0.464506 0.19615 0.464506 0.19627 7 P 0
L 0.464606 0.19615 0.464606 0.19617 7 P 0
L 0.300696 0.47567 0.301056 0.47567 7 P 0
L 0.300756 0.47557 0.301535 0.47557 7 P 0
L 0.300816 0.47547 0.302005 0.47547 7 P 0
L 0.300875 0.47537 0.302486 0.47537 7 P 0
L 0.300936 0.47527 0.302956 0.47527 7 P 0
L 0.300995 0.47517 0.303435 0.47517 7 P 0
L 0.301056 0.47507 0.303905 0.47507 7 P 0
L 0.301116 0.47497 0.304386 0.47497 7 P 0
L 0.301176 0.47487 0.304865 0.47487 7 P 0
L 0.301236 0.47477 0.305335 0.47477 7 P 0
L 0.301286 0.47467 0.305816 0.47467 7 P 0
L 0.301336 0.47457 0.306286 0.47457 7 P 0
L 0.301386 0.47447 0.306765 0.47447 7 P 0
L 0.301426 0.47437 0.307235 0.47437 7 P 0
L 0.301476 0.47427 0.307716 0.47427 7 P 0
L 0.301526 0.47417 0.308186 0.47417 7 P 0
L 0.301576 0.47407 0.308665 0.47407 7 P 0
L 0.301625 0.47397 0.309135 0.47397 7 P 0
L 0.301666 0.47387 0.309616 0.47387 7 P 0
L 0.301716 0.47377 0.310086 0.47377 7 P 0
L 0.301765 0.47367 0.310565 0.47367 7 P 0
L 0.301815 0.47357 0.311035 0.47357 7 P 0
L 0.301866 0.47347 0.311516 0.47347 7 P 0
L 0.301906 0.47337 0.311986 0.47337 7 P 0
L 0.301936 0.47327 0.312465 0.47327 7 P 0
L 0.301976 0.47317 0.312935 0.47317 7 P 0
L 0.302016 0.47307 0.313416 0.47307 7 P 0
L 0.302056 0.47297 0.313886 0.47297 7 P 0
L 0.302095 0.47287 0.314365 0.47287 7 P 0
L 0.302136 0.47277 0.314835 0.47277 7 P 0
L 0.302176 0.47267 0.315316 0.47267 7 P 0
L 0.302206 0.47257 0.315786 0.47257 7 P 0
L 0.302246 0.47247 0.316265 0.47247 7 P 0
L 0.302285 0.47237 0.316735 0.47237 7 P 0
L 0.302326 0.47227 0.317216 0.47227 7 P 0
L 0.302366 0.47217 0.317686 0.47217 7 P 0
L 0.302406 0.47207 0.318165 0.47207 7 P 0
L 0.302436 0.47197 0.318635 0.47197 7 P 0
L 0.302466 0.47187 0.319116 0.47187 7 P 0
L 0.302495 0.47177 0.319586 0.47177 7 P 0
L 0.302526 0.47167 0.320065 0.47167 7 P 0
L 0.302556 0.47157 0.320535 0.47157 7 P 0
L 0.302586 0.47147 0.321016 0.47147 7 P 0
L 0.302615 0.47137 0.321496 0.47137 7 P 0
L 0.302646 0.47127 0.321965 0.47127 7 P 0
L 0.302676 0.47117 0.322446 0.47117 7 P 0
L 0.302705 0.47107 0.322916 0.47107 7 P 0
L 0.302736 0.47097 0.323396 0.47097 7 P 0
L 0.302766 0.47087 0.323866 0.47087 7 P 0
L 0.302796 0.47077 0.324346 0.47077 7 P 0
L 0.302825 0.47067 0.324816 0.47067 7 P 0
L 0.302856 0.47057 0.325296 0.47057 7 P 0
L 0.302886 0.47047 0.325766 0.47047 7 P 0
L 0.302906 0.47037 0.326246 0.47037 7 P 0
L 0.302936 0.47027 0.326716 0.47027 7 P 0
L 0.302956 0.47017 0.327196 0.47017 7 P 0
L 0.302976 0.47007 0.327666 0.47007 7 P 0
L 0.303006 0.46997 0.328146 0.46997 7 P 0
L 0.303026 0.46987 0.328616 0.46987 7 P 0
L 0.303056 0.46977 0.329096 0.46977 7 P 0
L 0.303076 0.46967 0.329566 0.46967 7 P 0
L 0.303096 0.46957 0.330046 0.46957 7 P 0
L 0.303126 0.46947 0.329966 0.46947 7 P 0
L 0.303146 0.46937 0.329825 0.46937 7 P 0
L 0.303166 0.46927 0.329696 0.46927 7 P 0
L 0.303196 0.46917 0.329556 0.46917 7 P 0
L 0.303216 0.46907 0.329426 0.46907 7 P 0
L 0.303245 0.46897 0.329285 0.46897 7 P 0
L 0.303266 0.46887 0.329156 0.46887 7 P 0
L 0.303286 0.46877 0.329016 0.46877 7 P 0
L 0.303295 0.46867 0.328916 0.46867 7 P 0
L 0.303315 0.46857 0.328816 0.46857 7 P 0
L 0.303336 0.46847 0.328706 0.46847 7 P 0
L 0.303356 0.46837 0.328605 0.46837 7 P 0
L 0.303376 0.46827 0.328506 0.46827 7 P 0
L 0.303385 0.46817 0.328406 0.46817 7 P 0
L 0.303406 0.46807 0.328306 0.46807 7 P 0
L 0.303426 0.46797 0.328196 0.46797 7 P 0
L 0.303446 0.46787 0.328096 0.46787 7 P 0
L 0.303466 0.46777 0.327995 0.46777 7 P 0
L 0.303476 0.46767 0.327905 0.46767 7 P 0
L 0.303496 0.46757 0.327835 0.46757 7 P 0
L 0.303516 0.46747 0.327756 0.46747 7 P 0
L 0.303536 0.46737 0.327676 0.46737 7 P 0
L 0.303556 0.46727 0.327596 0.46727 7 P 0
L 0.303566 0.46717 0.327516 0.46717 7 P 0
L 0.303586 0.46707 0.327446 0.46707 7 P 0
L 0.303595 0.46697 0.327365 0.46697 7 P 0
L 0.303606 0.46687 0.327286 0.46687 7 P 0
L 0.303606 0.46677 0.327206 0.46677 7 P 0
L 0.303616 0.46667 0.327126 0.46667 7 P 0
L 0.303626 0.46657 0.327056 0.46657 7 P 0
L 0.303636 0.46647 0.326996 0.46647 7 P 0
L 0.303645 0.46637 0.326936 0.46637 7 P 0
L 0.303656 0.46627 0.326876 0.46627 7 P 0
L 0.303666 0.46617 0.326816 0.46617 7 P 0
L 0.303676 0.46607 0.326755 0.46607 7 P 0
L 0.303676 0.46597 0.326696 0.46597 7 P 0
L 0.303686 0.46587 0.326635 0.46587 7 P 0
L 0.303696 0.46577 0.326576 0.46577 7 P 0
L 0.303706 0.46567 0.326516 0.46567 7 P 0
L 0.303715 0.46557 0.326456 0.46557 7 P 0
L 0.303726 0.46547 0.326396 0.46547 7 P 0
L 0.303736 0.46537 0.326336 0.46537 7 P 0
L 0.303746 0.46527 0.326276 0.46527 7 P 0
L 0.303746 0.46517 0.326226 0.46517 7 P 0
L 0.303756 0.46507 0.326176 0.46507 7 P 0
L 0.303766 0.46497 0.326136 0.46497 7 P 0
L 0.303776 0.46487 0.326086 0.46487 7 P 0
L 0.303785 0.46477 0.326046 0.46477 7 P 0
L 0.303796 0.46467 0.325996 0.46467 7 P 0
L 0.303806 0.46457 0.325955 0.46457 7 P 0
L 0.303816 0.46447 0.325906 0.46447 7 P 0
L 0.303816 0.46437 0.325866 0.46437 7 P 0
L 0.303826 0.46427 0.325815 0.46427 7 P 0
L 0.303835 0.46417 0.325776 0.46417 7 P 0
L 0.303846 0.46407 0.325726 0.46407 7 P 0
L 0.303855 0.46397 0.325686 0.46397 7 P 0
L 0.303866 0.46387 0.325636 0.46387 7 P 0
L 0.303876 0.46377 0.325596 0.46377 7 P 0
L 0.303886 0.46367 0.325555 0.46367 7 P 0
L 0.303886 0.46357 0.325526 0.46357 7 P 0
L 0.303896 0.46347 0.325485 0.46347 7 P 0
L 0.303905 0.46337 0.325456 0.46337 7 P 0
L 0.303916 0.46327 0.325426 0.46327 7 P 0
L 0.303925 0.46317 0.325386 0.46317 7 P 0
L 0.303936 0.46307 0.325356 0.46307 7 P 0
L 0.303946 0.46297 0.325325 0.46297 7 P 0
L 0.303956 0.46287 0.325286 0.46287 7 P 0
L 0.303956 0.46277 0.325256 0.46277 7 P 0
L 0.303966 0.46267 0.325226 0.46267 7 P 0
L 0.303975 0.46257 0.325186 0.46257 7 P 0
L 0.303986 0.46247 0.325156 0.46247 7 P 0
L 0.303995 0.46237 0.325126 0.46237 7 P 0
L 0.304006 0.46227 0.325086 0.46227 7 P 0
L 0.304016 0.46217 0.325056 0.46217 7 P 0
L 0.304026 0.46207 0.325026 0.46207 7 P 0
L 0.304026 0.46197 0.324995 0.46197 7 P 0
L 0.304036 0.46187 0.324976 0.46187 7 P 0
L 0.304045 0.46177 0.324956 0.46177 7 P 0
L 0.304056 0.46167 0.324925 0.46167 7 P 0
L 0.304065 0.46157 0.324906 0.46157 7 P 0
L 0.304076 0.46147 0.324886 0.46147 7 P 0
L 0.304086 0.46137 0.324855 0.46137 7 P 0
L 0.304096 0.46127 0.324836 0.46127 7 P 0
L 0.304096 0.46117 0.324805 0.46117 7 P 0
L 0.304106 0.46107 0.324785 0.46107 7 P 0
L 0.304115 0.46097 0.324766 0.46097 7 P 0
L 0.304115 0.46087 0.324735 0.46087 7 P 0
L 0.304115 0.46077 0.324715 0.46077 7 P 0
L 0.304115 0.46067 0.324696 0.46067 7 P 0
L 0.304115 0.46057 0.324665 0.46057 7 P 0
L 0.304126 0.46047 0.324645 0.46047 7 P 0
L 0.304126 0.46037 0.324616 0.46037 7 P 0
L 0.304126 0.46027 0.324595 0.46027 7 P 0
L 0.304126 0.46017 0.324586 0.46017 7 P 0
L 0.304126 0.46007 0.324566 0.46007 7 P 0
L 0.304126 0.45997 0.324556 0.45997 7 P 0
L 0.304135 0.45987 0.324536 0.45987 7 P 0
L 0.304135 0.45977 0.324516 0.45977 7 P 0
L 0.304135 0.45967 0.324506 0.45967 7 P 0
L 0.304135 0.45957 0.324486 0.45957 7 P 0
L 0.304135 0.45947 0.324476 0.45947 7 P 0
L 0.304135 0.45937 0.324455 0.45937 7 P 0
L 0.304135 0.45927 0.324446 0.45927 7 P 0
L 0.304146 0.45917 0.324426 0.45917 7 P 0
L 0.304146 0.45907 0.324416 0.45907 7 P 0
L 0.304146 0.45897 0.324396 0.45897 7 P 0
L 0.304146 0.45887 0.324376 0.45887 7 P 0
L 0.304146 0.45877 0.324366 0.45877 7 P 0
L 0.304566 0.45867 0.324346 0.45867 7 P 0
L 0.304976 0.45857 0.324335 0.45857 7 P 0
L 0.305396 0.45847 0.324315 0.45847 7 P 0
L 0.305805 0.45837 0.324306 0.45837 7 P 0
L 0.306225 0.45827 0.324286 0.45827 7 P 0
L 0.306636 0.45817 0.324286 0.45817 7 P 0
L 0.307056 0.45807 0.324276 0.45807 7 P 0
L 0.307476 0.45797 0.324265 0.45797 7 P 0
L 0.307886 0.45787 0.324256 0.45787 7 P 0
L 0.308306 0.45777 0.324245 0.45777 7 P 0
L 0.308715 0.45767 0.324236 0.45767 7 P 0
L 0.309135 0.45757 0.324226 0.45757 7 P 0
L 0.309546 0.45747 0.324216 0.45747 7 P 0
L 0.309966 0.45737 0.324216 0.45737 7 P 0
L 0.310376 0.45727 0.324206 0.45727 7 P 0
L 0.310796 0.45717 0.324195 0.45717 7 P 0
L 0.311206 0.45707 0.324186 0.45707 7 P 0
L 0.311626 0.45697 0.324175 0.45697 7 P 0
L 0.312045 0.45687 0.324166 0.45687 7 P 0
L 0.312456 0.45677 0.324156 0.45677 7 P 0
L 0.312876 0.45667 0.324156 0.45667 7 P 0
L 0.313285 0.45657 0.324146 0.45657 7 P 0
L 0.313706 0.45647 0.324136 0.45647 7 P 0
L 0.314116 0.45637 0.324125 0.45637 7 P 0
L 0.314536 0.45627 0.324116 0.45627 7 P 0
L 0.314946 0.45617 0.324105 0.45617 7 P 0
L 0.315366 0.45607 0.324105 0.45607 7 P 0
L 0.315775 0.45597 0.324105 0.45597 7 P 0
L 0.316195 0.45587 0.324105 0.45587 7 P 0
L 0.316606 0.45577 0.324096 0.45577 7 P 0
L 0.317026 0.45567 0.324096 0.45567 7 P 0
L 0.317446 0.45557 0.324096 0.45557 7 P 0
L 0.317856 0.45547 0.324086 0.45547 7 P 0
L 0.318276 0.45537 0.324086 0.45537 7 P 0
L 0.318685 0.45527 0.324086 0.45527 7 P 0
L 0.319105 0.45517 0.324086 0.45517 7 P 0
L 0.319516 0.45507 0.324076 0.45507 7 P 0
L 0.319936 0.45497 0.324076 0.45497 7 P 0
L 0.320346 0.45487 0.324076 0.45487 7 P 0
L 0.320766 0.45477 0.324076 0.45477 7 P 0
L 0.321176 0.45467 0.324066 0.45467 7 P 0
L 0.321595 0.45457 0.324066 0.45457 7 P 0
L 0.322006 0.45447 0.324066 0.45447 7 P 0
L 0.322426 0.45437 0.324066 0.45437 7 P 0
L 0.322846 0.45427 0.324055 0.45427 7 P 0
L 0.323256 0.45417 0.324055 0.45417 7 P 0
L 0.323676 0.45407 0.324055 0.45407 7 P 0
L 0.300646 0.47575 0.300646 0.47575 7 P 0
L 0.300746 0.47558 0.300746 0.47573 7 P 0
L 0.300846 0.47541 0.300846 0.47571 7 P 0
L 0.300945 0.47524 0.300945 0.47569 7 P 0
L 0.301046 0.47508 0.301046 0.47567 7 P 0
L 0.301146 0.47491 0.301146 0.47565 7 P 0
L 0.301246 0.47474 0.301246 0.47563 7 P 0
L 0.301345 0.47454 0.301345 0.47561 7 P 0
L 0.301446 0.47433 0.301446 0.47559 7 P 0
L 0.301546 0.47412 0.301546 0.47556 7 P 0
L 0.301646 0.47391 0.301646 0.47554 7 P 0
L 0.301745 0.4737 0.301745 0.47552 7 P 0
L 0.301846 0.4735 0.301846 0.4755 7 P 0
L 0.301946 0.47325 0.301946 0.47548 7 P 0
L 0.302046 0.47299 0.302046 0.47546 7 P 0
L 0.302145 0.47273 0.302145 0.47544 7 P 0
L 0.302246 0.47247 0.302246 0.47542 7 P 0
L 0.302346 0.47221 0.302346 0.4754 7 P 0
L 0.302446 0.47191 0.302446 0.47538 7 P 0
L 0.302546 0.47159 0.302546 0.47535 7 P 0
L 0.302646 0.47126 0.302646 0.47533 7 P 0
L 0.302746 0.47093 0.302746 0.47531 7 P 0
L 0.302845 0.4706 0.302845 0.47529 7 P 0
L 0.302946 0.4702 0.302946 0.47527 7 P 0
L 0.303046 0.46978 0.303046 0.47525 7 P 0
L 0.303146 0.46936 0.303146 0.47523 7 P 0
L 0.303245 0.46894 0.303245 0.47521 7 P 0
L 0.303346 0.4684 0.303346 0.47519 7 P 0
L 0.303446 0.46784 0.303446 0.47516 7 P 0
L 0.303546 0.46729 0.303546 0.47514 7 P 0
L 0.303645 0.46633 0.303645 0.47512 7 P 0
L 0.303746 0.46519 0.303746 0.4751 7 P 0
L 0.303846 0.46404 0.303846 0.47508 7 P 0
L 0.303946 0.4629 0.303946 0.47506 7 P 0
L 0.304045 0.46176 0.304045 0.47504 7 P 0
L 0.304146 0.45877 0.304146 0.47502 7 P 0
L 0.304246 0.45874 0.304246 0.475 7 P 0
L 0.304346 0.45872 0.304346 0.47498 7 P 0
L 0.304445 0.4587 0.304445 0.47495 7 P 0
L 0.304546 0.45867 0.304546 0.47493 7 P 0
L 0.304646 0.45865 0.304646 0.47491 7 P 0
L 0.304745 0.45862 0.304745 0.47489 7 P 0
L 0.304846 0.4586 0.304846 0.47487 7 P 0
L 0.304946 0.45857 0.304946 0.47485 7 P 0
L 0.305046 0.45855 0.305046 0.47483 7 P 0
L 0.305145 0.45853 0.305145 0.47481 7 P 0
L 0.305246 0.4585 0.305246 0.47479 7 P 0
L 0.305346 0.45848 0.305346 0.47476 7 P 0
L 0.305446 0.45845 0.305446 0.47474 7 P 0
L 0.305545 0.45843 0.305545 0.47472 7 P 0
L 0.305646 0.45841 0.305646 0.4747 7 P 0
L 0.305746 0.45838 0.305746 0.47468 7 P 0
L 0.305846 0.45836 0.305846 0.47466 7 P 0
L 0.305945 0.45833 0.305945 0.47464 7 P 0
L 0.306046 0.45831 0.306046 0.47462 7 P 0
L 0.306146 0.45829 0.306146 0.4746 7 P 0
L 0.306246 0.45826 0.306246 0.47458 7 P 0
L 0.306345 0.45824 0.306345 0.47455 7 P 0
L 0.306446 0.45821 0.306446 0.47453 7 P 0
L 0.306546 0.45819 0.306546 0.47451 7 P 0
L 0.306645 0.45817 0.306645 0.47449 7 P 0
L 0.306746 0.45814 0.306746 0.47447 7 P 0
L 0.306846 0.45812 0.306846 0.47445 7 P 0
L 0.306946 0.45809 0.306946 0.47443 7 P 0
L 0.307045 0.45807 0.307045 0.47441 7 P 0
L 0.307146 0.45805 0.307146 0.47439 7 P 0
L 0.307246 0.45802 0.307246 0.47436 7 P 0
L 0.307346 0.458 0.307346 0.47434 7 P 0
L 0.307445 0.45797 0.307445 0.47432 7 P 0
L 0.307546 0.45795 0.307546 0.4743 7 P 0
L 0.307646 0.45792 0.307646 0.47428 7 P 0
L 0.307746 0.4579 0.307746 0.47426 7 P 0
L 0.307845 0.45788 0.307845 0.47424 7 P 0
L 0.307946 0.45785 0.307946 0.47422 7 P 0
L 0.308046 0.45783 0.308046 0.4742 7 P 0
L 0.308146 0.4578 0.308146 0.47418 7 P 0
L 0.308245 0.45778 0.308245 0.47415 7 P 0
L 0.308346 0.45776 0.308346 0.47413 7 P 0
L 0.308446 0.45773 0.308446 0.47411 7 P 0
L 0.308546 0.45771 0.308546 0.47409 7 P 0
L 0.308646 0.45768 0.308646 0.47407 7 P 0
L 0.308746 0.45766 0.308746 0.47405 7 P 0
L 0.308846 0.45764 0.308846 0.47403 7 P 0
L 0.308945 0.45761 0.308945 0.47401 7 P 0
L 0.309046 0.45759 0.309046 0.47399 7 P 0
L 0.309146 0.45756 0.309146 0.47396 7 P 0
L 0.309246 0.45754 0.309246 0.47394 7 P 0
L 0.309345 0.45752 0.309345 0.47392 7 P 0
L 0.309446 0.45749 0.309446 0.4739 7 P 0
L 0.309546 0.45747 0.309546 0.47388 7 P 0
L 0.309646 0.45744 0.309646 0.47386 7 P 0
L 0.309745 0.45742 0.309745 0.47384 7 P 0
L 0.309846 0.4574 0.309846 0.47382 7 P 0
L 0.309946 0.45737 0.309946 0.4738 7 P 0
L 0.310046 0.45735 0.310046 0.47378 7 P 0
L 0.310145 0.45732 0.310145 0.47375 7 P 0
L 0.310246 0.4573 0.310246 0.47373 7 P 0
L 0.310346 0.45727 0.310346 0.47371 7 P 0
L 0.310446 0.45725 0.310446 0.47369 7 P 0
L 0.310546 0.45723 0.310546 0.47367 7 P 0
L 0.310646 0.4572 0.310646 0.47365 7 P 0
L 0.310746 0.45718 0.310746 0.47363 7 P 0
L 0.310845 0.45715 0.310845 0.47361 7 P 0
L 0.310946 0.45713 0.310946 0.47359 7 P 0
L 0.311046 0.45711 0.311046 0.47357 7 P 0
L 0.311146 0.45708 0.311146 0.47354 7 P 0
L 0.311245 0.45706 0.311245 0.47352 7 P 0
L 0.311346 0.45703 0.311346 0.4735 7 P 0
L 0.311446 0.45701 0.311446 0.47348 7 P 0
L 0.311546 0.45699 0.311546 0.47346 7 P 0
L 0.311645 0.45696 0.311645 0.47344 7 P 0
L 0.311746 0.45694 0.311746 0.47342 7 P 0
L 0.311846 0.45691 0.311846 0.4734 7 P 0
L 0.311946 0.45689 0.311946 0.47338 7 P 0
L 0.312045 0.45687 0.312045 0.47335 7 P 0
L 0.312146 0.45684 0.312146 0.47333 7 P 0
L 0.312246 0.45682 0.312246 0.47331 7 P 0
L 0.312346 0.45679 0.312346 0.47329 7 P 0
L 0.312445 0.45677 0.312445 0.47327 7 P 0
L 0.312546 0.45675 0.312546 0.47325 7 P 0
L 0.312646 0.45672 0.312646 0.47323 7 P 0
L 0.312745 0.4567 0.312745 0.47321 7 P 0
L 0.312846 0.45667 0.312846 0.47319 7 P 0
L 0.312946 0.45665 0.312946 0.47317 7 P 0
L 0.313046 0.45662 0.313046 0.47314 7 P 0
L 0.313145 0.4566 0.313145 0.47312 7 P 0
L 0.313246 0.45658 0.313246 0.4731 7 P 0
L 0.313346 0.45655 0.313346 0.47308 7 P 0
L 0.313446 0.45653 0.313446 0.47306 7 P 0
L 0.313545 0.4565 0.313545 0.47304 7 P 0
L 0.313646 0.45648 0.313646 0.47302 7 P 0
L 0.313746 0.45646 0.313746 0.473 7 P 0
L 0.313846 0.45643 0.313846 0.47298 7 P 0
L 0.313945 0.45641 0.313945 0.47295 7 P 0
L 0.314046 0.45638 0.314046 0.47293 7 P 0
L 0.314146 0.45636 0.314146 0.47291 7 P 0
L 0.314246 0.45634 0.314246 0.47289 7 P 0
L 0.314345 0.45631 0.314345 0.47287 7 P 0
L 0.314446 0.45629 0.314446 0.47285 7 P 0
L 0.314546 0.45626 0.314546 0.47283 7 P 0
L 0.314646 0.45624 0.314646 0.47281 7 P 0
L 0.314746 0.45622 0.314746 0.47279 7 P 0
L 0.314846 0.45619 0.314846 0.47277 7 P 0
L 0.314946 0.45617 0.314946 0.47274 7 P 0
L 0.315045 0.45614 0.315045 0.47272 7 P 0
L 0.315146 0.45612 0.315146 0.4727 7 P 0
L 0.315246 0.4561 0.315246 0.47268 7 P 0
L 0.315346 0.45607 0.315346 0.47266 7 P 0
L 0.315445 0.45605 0.315445 0.47264 7 P 0
L 0.315546 0.45602 0.315546 0.47262 7 P 0
L 0.315646 0.456 0.315646 0.4726 7 P 0
L 0.315746 0.45597 0.315746 0.47258 7 P 0
L 0.315845 0.45595 0.315845 0.47255 7 P 0
L 0.315946 0.45593 0.315946 0.47253 7 P 0
L 0.316046 0.4559 0.316046 0.47251 7 P 0
L 0.316146 0.45588 0.316146 0.47249 7 P 0
L 0.316245 0.45585 0.316245 0.47247 7 P 0
L 0.316346 0.45583 0.316346 0.47245 7 P 0
L 0.316446 0.45581 0.316446 0.47243 7 P 0
L 0.316546 0.45578 0.316546 0.47241 7 P 0
L 0.316646 0.45576 0.316646 0.47239 7 P 0
L 0.316746 0.45573 0.316746 0.47237 7 P 0
L 0.316846 0.45571 0.316846 0.47234 7 P 0
L 0.316945 0.45569 0.316945 0.47232 7 P 0
L 0.317046 0.45566 0.317046 0.4723 7 P 0
L 0.317146 0.45564 0.317146 0.47228 7 P 0
L 0.317246 0.45561 0.317246 0.47226 7 P 0
L 0.317345 0.45559 0.317345 0.47224 7 P 0
L 0.317446 0.45557 0.317446 0.47222 7 P 0
L 0.317546 0.45554 0.317546 0.4722 7 P 0
L 0.317646 0.45552 0.317646 0.47218 7 P 0
L 0.317745 0.45549 0.317745 0.47215 7 P 0
L 0.317846 0.45547 0.317846 0.47213 7 P 0
L 0.317946 0.45545 0.317946 0.47211 7 P 0
L 0.318046 0.45542 0.318046 0.47209 7 P 0
L 0.318145 0.4554 0.318145 0.47207 7 P 0
L 0.318246 0.45537 0.318246 0.47205 7 P 0
L 0.318346 0.45535 0.318346 0.47203 7 P 0
L 0.318446 0.45532 0.318446 0.47201 7 P 0
L 0.318545 0.4553 0.318545 0.47199 7 P 0
L 0.318646 0.45528 0.318646 0.47197 7 P 0
L 0.318746 0.45525 0.318746 0.47194 7 P 0
L 0.318845 0.45523 0.318845 0.47192 7 P 0
L 0.318946 0.4552 0.318946 0.4719 7 P 0
L 0.319046 0.45518 0.319046 0.47188 7 P 0
L 0.319146 0.45516 0.319146 0.47186 7 P 0
L 0.319245 0.45513 0.319245 0.47184 7 P 0
L 0.319346 0.45511 0.319346 0.47182 7 P 0
L 0.319446 0.45508 0.319446 0.4718 7 P 0
L 0.319546 0.45506 0.319546 0.47178 7 P 0
L 0.319645 0.45504 0.319645 0.47176 7 P 0
L 0.319746 0.45501 0.319746 0.47173 7 P 0
L 0.319846 0.45499 0.319846 0.47171 7 P 0
L 0.319946 0.45496 0.319946 0.47169 7 P 0
L 0.320045 0.45494 0.320045 0.47167 7 P 0
L 0.320146 0.45492 0.320146 0.47165 7 P 0
L 0.320246 0.45489 0.320246 0.47163 7 P 0
L 0.320346 0.45487 0.320346 0.47161 7 P 0
L 0.320445 0.45484 0.320445 0.47159 7 P 0
L 0.320546 0.45482 0.320546 0.47157 7 P 0
L 0.320646 0.4548 0.320646 0.47154 7 P 0
L 0.320745 0.45477 0.320745 0.47152 7 P 0
L 0.320846 0.45475 0.320846 0.4715 7 P 0
L 0.320946 0.45472 0.320946 0.47148 7 P 0
L 0.321046 0.4547 0.321046 0.47146 7 P 0
L 0.321145 0.45467 0.321145 0.47144 7 P 0
L 0.321246 0.45465 0.321246 0.47142 7 P 0
L 0.321346 0.45463 0.321346 0.4714 7 P 0
L 0.321446 0.4546 0.321446 0.47138 7 P 0
L 0.321545 0.45458 0.321545 0.47136 7 P 0
L 0.321646 0.45455 0.321646 0.47133 7 P 0
L 0.321746 0.45453 0.321746 0.47131 7 P 0
L 0.321846 0.45451 0.321846 0.47129 7 P 0
L 0.321945 0.45448 0.321945 0.47127 7 P 0
L 0.322046 0.45446 0.322046 0.47125 7 P 0
L 0.322146 0.45443 0.322146 0.47123 7 P 0
L 0.322246 0.45441 0.322246 0.47121 7 P 0
L 0.322345 0.45439 0.322345 0.47119 7 P 0
L 0.322446 0.45436 0.322446 0.47117 7 P 0
L 0.322546 0.45434 0.322546 0.47114 7 P 0
L 0.322646 0.45431 0.322646 0.47112 7 P 0
L 0.322746 0.45429 0.322746 0.4711 7 P 0
L 0.322846 0.45427 0.322846 0.47108 7 P 0
L 0.322946 0.45424 0.322946 0.47106 7 P 0
L 0.323045 0.45422 0.323045 0.47104 7 P 0
L 0.323146 0.45419 0.323146 0.47102 7 P 0
L 0.323246 0.45417 0.323246 0.471 7 P 0
L 0.323346 0.45415 0.323346 0.47098 7 P 0
L 0.323445 0.45412 0.323445 0.47096 7 P 0
L 0.323546 0.4541 0.323546 0.47093 7 P 0
L 0.323646 0.45407 0.323646 0.47091 7 P 0
L 0.323746 0.45405 0.323746 0.47089 7 P 0
L 0.323845 0.45402 0.323845 0.47087 7 P 0
L 0.323946 0.454 0.323946 0.47085 7 P 0
L 0.324046 0.45398 0.324046 0.47083 7 P 0
L 0.324146 0.45663 0.324146 0.47081 7 P 0
L 0.324245 0.45779 0.324245 0.47079 7 P 0
L 0.324346 0.45867 0.324346 0.47077 7 P 0
L 0.324446 0.45931 0.324446 0.47074 7 P 0
L 0.324546 0.45995 0.324546 0.47072 7 P 0
L 0.324645 0.46048 0.324645 0.4707 7 P 0
L 0.324746 0.46091 0.324746 0.47068 7 P 0
L 0.324846 0.46133 0.324846 0.47066 7 P 0
L 0.324945 0.46175 0.324945 0.47064 7 P 0
L 0.325046 0.46215 0.325046 0.47062 7 P 0
L 0.325146 0.46245 0.325146 0.4706 7 P 0
L 0.325246 0.46275 0.325246 0.47058 7 P 0
L 0.325345 0.46304 0.325345 0.47056 7 P 0
L 0.325446 0.46334 0.325446 0.47053 7 P 0
L 0.325546 0.46364 0.325546 0.47051 7 P 0
L 0.325646 0.46389 0.325646 0.47049 7 P 0
L 0.325745 0.46411 0.325745 0.47047 7 P 0
L 0.325846 0.46433 0.325846 0.47045 7 P 0
L 0.325946 0.46455 0.325946 0.47043 7 P 0
L 0.326046 0.46478 0.326046 0.47041 7 P 0
L 0.326145 0.465 0.326145 0.47039 7 P 0
L 0.326246 0.46522 0.326246 0.47037 7 P 0
L 0.326346 0.46539 0.326346 0.47034 7 P 0
L 0.326446 0.46556 0.326446 0.47032 7 P 0
L 0.326545 0.46572 0.326545 0.4703 7 P 0
L 0.326646 0.46589 0.326646 0.47028 7 P 0
L 0.326746 0.46606 0.326746 0.47026 7 P 0
L 0.326845 0.46623 0.326845 0.47024 7 P 0
L 0.326946 0.46639 0.326946 0.47022 7 P 0
L 0.327046 0.46656 0.327046 0.4702 7 P 0
L 0.327146 0.46669 0.327146 0.47018 7 P 0
L 0.327245 0.46682 0.327245 0.47016 7 P 0
L 0.327346 0.46695 0.327346 0.47013 7 P 0
L 0.327446 0.46708 0.327446 0.47011 7 P 0
L 0.327546 0.4672 0.327546 0.47009 7 P 0
L 0.327645 0.46733 0.327645 0.47007 7 P 0
L 0.327746 0.46746 0.327746 0.47005 7 P 0
L 0.327846 0.46759 0.327846 0.47003 7 P 0
L 0.327946 0.46772 0.327946 0.47001 7 P 0
L 0.328045 0.46782 0.328045 0.46999 7 P 0
L 0.328146 0.46792 0.328146 0.46997 7 P 0
L 0.328246 0.46802 0.328246 0.46995 7 P 0
L 0.328346 0.46811 0.328346 0.46992 7 P 0
L 0.328445 0.46821 0.328445 0.4699 7 P 0
L 0.328546 0.46831 0.328546 0.46988 7 P 0
L 0.328646 0.46841 0.328646 0.46986 7 P 0
L 0.328746 0.4685 0.328746 0.46984 7 P 0
L 0.328846 0.4686 0.328846 0.46982 7 P 0
L 0.328946 0.4687 0.328946 0.4698 7 P 0
L 0.329046 0.46879 0.329046 0.46978 7 P 0
L 0.329145 0.46886 0.329145 0.46976 7 P 0
L 0.329246 0.46894 0.329246 0.46973 7 P 0
L 0.329346 0.46901 0.329346 0.46971 7 P 0
L 0.329446 0.46909 0.329446 0.46969 7 P 0
L 0.329545 0.46916 0.329545 0.46967 7 P 0
L 0.329646 0.46923 0.329646 0.46965 7 P 0
L 0.329746 0.46931 0.329746 0.46963 7 P 0
L 0.329846 0.46938 0.329846 0.46961 7 P 0
L 0.329945 0.46946 0.329945 0.46959 7 P 0
L 0.330046 0.46953 0.330046 0.46957 7 P 0
L 0.176946 0.48744 0.177016 0.48744 7 P 0
L 0.176946 0.48734 0.177116 0.48734 7 P 0
L 0.176936 0.48724 0.177216 0.48724 7 P 0
L 0.176936 0.48714 0.177316 0.48714 7 P 0
L 0.176926 0.48704 0.177416 0.48704 7 P 0
L 0.176926 0.48694 0.177516 0.48694 7 P 0
L 0.176916 0.48684 0.177616 0.48684 7 P 0
L 0.176916 0.48674 0.177716 0.48674 7 P 0
L 0.176906 0.48664 0.177816 0.48664 7 P 0
L 0.176906 0.48654 0.177916 0.48654 7 P 0
L 0.176896 0.48644 0.178016 0.48644 7 P 0
L 0.176896 0.48634 0.178116 0.48634 7 P 0
L 0.176896 0.48624 0.178216 0.48624 7 P 0
L 0.176886 0.48614 0.178316 0.48614 7 P 0
L 0.176866 0.48604 0.178416 0.48604 7 P 0
L 0.176856 0.48594 0.178516 0.48594 7 P 0
L 0.176836 0.48584 0.178616 0.48584 7 P 0
L 0.176816 0.48574 0.178716 0.48574 7 P 0
L 0.176806 0.48564 0.178816 0.48564 7 P 0
L 0.176786 0.48554 0.178916 0.48554 7 P 0
L 0.176776 0.48544 0.179016 0.48544 7 P 0
L 0.176756 0.48534 0.179116 0.48534 7 P 0
L 0.176736 0.48524 0.179216 0.48524 7 P 0
L 0.176726 0.48514 0.179316 0.48514 7 P 0
L 0.176706 0.48504 0.179416 0.48504 7 P 0
L 0.176696 0.48494 0.179516 0.48494 7 P 0
L 0.176676 0.48484 0.179616 0.48484 7 P 0
L 0.176656 0.48474 0.179716 0.48474 7 P 0
L 0.176636 0.48464 0.179816 0.48464 7 P 0
L 0.176616 0.48454 0.179916 0.48454 7 P 0
L 0.176586 0.48444 0.180016 0.48444 7 P 0
L 0.176556 0.48434 0.180116 0.48434 7 P 0
L 0.176536 0.48424 0.180216 0.48424 7 P 0
L 0.176506 0.48414 0.180316 0.48414 7 P 0
L 0.176476 0.48404 0.180416 0.48404 7 P 0
L 0.176456 0.48394 0.180516 0.48394 7 P 0
L 0.176426 0.48384 0.180616 0.48384 7 P 0
L 0.176396 0.48374 0.180716 0.48374 7 P 0
L 0.176376 0.48364 0.180816 0.48364 7 P 0
L 0.176346 0.48354 0.180916 0.48354 7 P 0
L 0.176316 0.48344 0.181016 0.48344 7 P 0
L 0.176296 0.48334 0.181116 0.48334 7 P 0
L 0.176266 0.48324 0.181216 0.48324 7 P 0
L 0.176236 0.48314 0.181316 0.48314 7 P 0
L 0.176196 0.48304 0.181416 0.48304 7 P 0
L 0.176156 0.48294 0.181516 0.48294 7 P 0
L 0.176116 0.48284 0.181616 0.48284 7 P 0
L 0.176086 0.48274 0.181716 0.48274 7 P 0
L 0.176046 0.48264 0.181816 0.48264 7 P 0
L 0.176006 0.48254 0.181916 0.48254 7 P 0
L 0.175966 0.48244 0.182016 0.48244 7 P 0
L 0.175936 0.48234 0.182116 0.48234 7 P 0
L 0.175896 0.48224 0.182216 0.48224 7 P 0
L 0.175856 0.48214 0.182316 0.48214 7 P 0
L 0.175816 0.48204 0.182416 0.48204 7 P 0
L 0.175786 0.48194 0.182516 0.48194 7 P 0
L 0.175746 0.48184 0.182616 0.48184 7 P 0
L 0.175706 0.48174 0.182716 0.48174 7 P 0
L 0.175666 0.48164 0.182816 0.48164 7 P 0
L 0.175626 0.48154 0.182916 0.48154 7 P 0
L 0.175576 0.48144 0.183016 0.48144 7 P 0
L 0.175526 0.48134 0.183116 0.48134 7 P 0
L 0.175476 0.48124 0.183216 0.48124 7 P 0
L 0.175426 0.48114 0.183316 0.48114 7 P 0
L 0.175386 0.48104 0.183416 0.48104 7 P 0
L 0.175336 0.48094 0.183516 0.48094 7 P 0
L 0.175286 0.48084 0.183616 0.48084 7 P 0
L 0.175236 0.48074 0.183716 0.48074 7 P 0
L 0.175196 0.48064 0.183816 0.48064 7 P 0
L 0.175146 0.48054 0.183916 0.48054 7 P 0
L 0.175096 0.48044 0.184016 0.48044 7 P 0
L 0.175046 0.48034 0.184116 0.48034 7 P 0
L 0.174996 0.48024 0.184216 0.48024 7 P 0
L 0.174956 0.48014 0.184316 0.48014 7 P 0
L 0.174896 0.48004 0.184416 0.48004 7 P 0
L 0.174836 0.47994 0.184516 0.47994 7 P 0
L 0.174776 0.47984 0.184616 0.47984 7 P 0
L 0.174726 0.47974 0.184716 0.47974 7 P 0
L 0.174666 0.47964 0.184816 0.47964 7 P 0
L 0.174606 0.47954 0.184916 0.47954 7 P 0
L 0.174546 0.47944 0.185016 0.47944 7 P 0
L 0.174496 0.47934 0.185116 0.47934 7 P 0
L 0.174436 0.47924 0.185216 0.47924 7 P 0
L 0.174376 0.47914 0.185316 0.47914 7 P 0
L 0.174316 0.47904 0.185416 0.47904 7 P 0
L 0.174256 0.47894 0.185516 0.47894 7 P 0
L 0.174206 0.47884 0.185616 0.47884 7 P 0
L 0.174146 0.47874 0.185716 0.47874 7 P 0
L 0.174086 0.47864 0.185816 0.47864 7 P 0
L 0.174026 0.47854 0.185916 0.47854 7 P 0
L 0.173956 0.47844 0.186016 0.47844 7 P 0
L 0.173896 0.47834 0.186116 0.47834 7 P 0
L 0.173826 0.47824 0.186216 0.47824 7 P 0
L 0.173756 0.47814 0.186316 0.47814 7 P 0
L 0.173686 0.47804 0.186416 0.47804 7 P 0
L 0.173626 0.47794 0.186516 0.47794 7 P 0
L 0.173556 0.47784 0.186616 0.47784 7 P 0
L 0.173486 0.47774 0.186716 0.47774 7 P 0
L 0.173416 0.47764 0.186816 0.47764 7 P 0
L 0.173346 0.47754 0.186916 0.47754 7 P 0
L 0.173286 0.47744 0.187016 0.47744 7 P 0
L 0.173216 0.47734 0.187116 0.47734 7 P 0
L 0.173146 0.47724 0.187216 0.47724 7 P 0
L 0.173076 0.47714 0.187316 0.47714 7 P 0
L 0.173016 0.47704 0.187416 0.47704 7 P 0
L 0.172936 0.47694 0.187516 0.47694 7 P 0
L 0.172856 0.47684 0.187616 0.47684 7 P 0
L 0.172776 0.47674 0.187716 0.47674 7 P 0
L 0.172696 0.47664 0.187816 0.47664 7 P 0
L 0.172616 0.47654 0.187916 0.47654 7 P 0
L 0.172526 0.47644 0.188016 0.47644 7 P 0
L 0.172446 0.47634 0.188116 0.47634 7 P 0
L 0.172366 0.47624 0.188216 0.47624 7 P 0
L 0.172286 0.47614 0.188316 0.47614 7 P 0
L 0.172206 0.47604 0.188416 0.47604 7 P 0
L 0.172126 0.47594 0.188516 0.47594 7 P 0
L 0.172036 0.47584 0.188616 0.47584 7 P 0
L 0.171956 0.47574 0.188716 0.47574 7 P 0
L 0.171876 0.47564 0.188816 0.47564 7 P 0
L 0.171796 0.47554 0.188916 0.47554 7 P 0
L 0.171716 0.47544 0.189016 0.47544 7 P 0
L 0.171626 0.47534 0.189116 0.47534 7 P 0
L 0.171546 0.47524 0.189216 0.47524 7 P 0
L 0.171466 0.47514 0.189316 0.47514 7 P 0
L 0.171386 0.47504 0.189416 0.47504 7 P 0
L 0.171306 0.47494 0.189516 0.47494 7 P 0
L 0.171216 0.47484 0.189616 0.47484 7 P 0
L 0.171136 0.47474 0.189716 0.47474 7 P 0
L 0.171056 0.47464 0.189816 0.47464 7 P 0
L 0.170976 0.47454 0.189916 0.47454 7 P 0
L 0.170896 0.47444 0.190016 0.47444 7 P 0
L 0.170816 0.47434 0.190116 0.47434 7 P 0
L 0.170726 0.47424 0.190216 0.47424 7 P 0
L 0.170646 0.47414 0.190316 0.47414 7 P 0
L 0.170566 0.47404 0.190416 0.47404 7 P 0
L 0.170486 0.47394 0.190516 0.47394 7 P 0
L 0.170406 0.47384 0.190616 0.47384 7 P 0
L 0.170316 0.47374 0.190716 0.47374 7 P 0
L 0.170226 0.47364 0.190816 0.47364 7 P 0
L 0.170126 0.47354 0.190916 0.47354 7 P 0
L 0.170036 0.47344 0.191016 0.47344 7 P 0
L 0.169936 0.47334 0.191116 0.47334 7 P 0
L 0.169846 0.47324 0.191216 0.47324 7 P 0
L 0.169746 0.47314 0.191316 0.47314 7 P 0
L 0.169646 0.47304 0.191416 0.47304 7 P 0
L 0.169556 0.47294 0.191516 0.47294 7 P 0
L 0.169456 0.47284 0.191616 0.47284 7 P 0
L 0.169366 0.47274 0.191716 0.47274 7 P 0
L 0.169266 0.47264 0.191816 0.47264 7 P 0
L 0.169176 0.47254 0.191916 0.47254 7 P 0
L 0.169076 0.47244 0.192015 0.47244 7 P 0
L 0.168986 0.47234 0.192116 0.47234 7 P 0
L 0.168886 0.47224 0.192216 0.47224 7 P 0
L 0.168786 0.47214 0.192316 0.47214 7 P 0
L 0.168886 0.47204 0.192415 0.47204 7 P 0
L 0.168986 0.47194 0.192516 0.47194 7 P 0
L 0.169086 0.47184 0.192616 0.47184 7 P 0
L 0.169186 0.47174 0.192716 0.47174 7 P 0
L 0.169286 0.47164 0.192815 0.47164 7 P 0
L 0.169386 0.47154 0.192916 0.47154 7 P 0
L 0.169486 0.47144 0.193016 0.47144 7 P 0
L 0.169586 0.47134 0.193116 0.47134 7 P 0
L 0.169686 0.47124 0.193215 0.47124 7 P 0
L 0.169786 0.47114 0.193316 0.47114 7 P 0
L 0.169886 0.47104 0.193416 0.47104 7 P 0
L 0.169986 0.47094 0.193516 0.47094 7 P 0
L 0.170086 0.47084 0.193615 0.47084 7 P 0
L 0.170186 0.47074 0.193716 0.47074 7 P 0
L 0.170286 0.47064 0.193816 0.47064 7 P 0
L 0.170386 0.47054 0.193915 0.47054 7 P 0
L 0.170486 0.47044 0.194016 0.47044 7 P 0
L 0.170586 0.47034 0.194116 0.47034 7 P 0
L 0.170686 0.47024 0.194216 0.47024 7 P 0
L 0.170786 0.47014 0.194315 0.47014 7 P 0
L 0.170886 0.47004 0.194416 0.47004 7 P 0
L 0.170986 0.46994 0.194516 0.46994 7 P 0
L 0.171086 0.46984 0.194616 0.46984 7 P 0
L 0.171186 0.46974 0.194715 0.46974 7 P 0
L 0.171286 0.46964 0.194816 0.46964 7 P 0
L 0.171386 0.46954 0.194916 0.46954 7 P 0
L 0.171486 0.46944 0.195016 0.46944 7 P 0
L 0.171586 0.46934 0.195115 0.46934 7 P 0
L 0.171686 0.46924 0.195216 0.46924 7 P 0
L 0.171786 0.46914 0.195316 0.46914 7 P 0
L 0.171886 0.46904 0.195416 0.46904 7 P 0
L 0.171986 0.46894 0.195515 0.46894 7 P 0
L 0.172086 0.46884 0.195616 0.46884 7 P 0
L 0.172186 0.46874 0.195716 0.46874 7 P 0
L 0.172286 0.46864 0.195816 0.46864 7 P 0
L 0.172386 0.46854 0.195916 0.46854 7 P 0
L 0.172486 0.46844 0.196016 0.46844 7 P 0
L 0.172586 0.46834 0.196116 0.46834 7 P 0
L 0.172686 0.46824 0.196215 0.46824 7 P 0
L 0.172786 0.46814 0.196316 0.46814 7 P 0
L 0.172886 0.46804 0.196416 0.46804 7 P 0
L 0.172986 0.46794 0.196516 0.46794 7 P 0
L 0.173086 0.46784 0.196615 0.46784 7 P 0
L 0.173186 0.46774 0.196716 0.46774 7 P 0
L 0.173286 0.46764 0.196816 0.46764 7 P 0
L 0.173386 0.46754 0.196916 0.46754 7 P 0
L 0.173486 0.46744 0.197015 0.46744 7 P 0
L 0.173586 0.46734 0.197116 0.46734 7 P 0
L 0.173686 0.46724 0.197216 0.46724 7 P 0
L 0.173786 0.46714 0.197316 0.46714 7 P 0
L 0.173886 0.46704 0.197415 0.46704 7 P 0
L 0.173986 0.46694 0.197516 0.46694 7 P 0
L 0.174086 0.46684 0.197616 0.46684 7 P 0
L 0.174186 0.46674 0.197716 0.46674 7 P 0
L 0.174286 0.46664 0.197815 0.46664 7 P 0
L 0.174386 0.46654 0.197916 0.46654 7 P 0
L 0.174486 0.46644 0.198016 0.46644 7 P 0
L 0.174586 0.46634 0.198115 0.46634 7 P 0
L 0.174686 0.46624 0.198216 0.46624 7 P 0
L 0.174786 0.46614 0.196726 0.46614 7 P 0
L 0.174886 0.46604 0.196106 0.46604 7 P 0
L 0.174986 0.46594 0.195476 0.46594 7 P 0
L 0.175086 0.46584 0.195076 0.46584 7 P 0
L 0.175186 0.46574 0.194706 0.46574 7 P 0
L 0.175286 0.46564 0.194326 0.46564 7 P 0
L 0.175386 0.46554 0.193956 0.46554 7 P 0
L 0.175486 0.46544 0.193676 0.46544 7 P 0
L 0.175586 0.46534 0.193406 0.46534 7 P 0
L 0.175686 0.46524 0.193145 0.46524 7 P 0
L 0.175786 0.46514 0.192876 0.46514 7 P 0
L 0.175886 0.46504 0.192605 0.46504 7 P 0
L 0.175986 0.46494 0.192345 0.46494 7 P 0
L 0.176086 0.46484 0.192135 0.46484 7 P 0
L 0.176186 0.46474 0.191936 0.46474 7 P 0
L 0.176286 0.46464 0.191726 0.46464 7 P 0
L 0.176386 0.46454 0.191516 0.46454 7 P 0
L 0.176486 0.46444 0.191306 0.46444 7 P 0
L 0.176586 0.46434 0.191096 0.46434 7 P 0
L 0.176686 0.46424 0.190886 0.46424 7 P 0
L 0.176786 0.46414 0.190706 0.46414 7 P 0
L 0.176886 0.46404 0.190536 0.46404 7 P 0
L 0.176986 0.46394 0.190356 0.46394 7 P 0
L 0.177086 0.46384 0.190186 0.46384 7 P 0
L 0.177186 0.46374 0.190016 0.46374 7 P 0
L 0.177286 0.46364 0.189836 0.46364 7 P 0
L 0.177386 0.46354 0.189666 0.46354 7 P 0
L 0.177486 0.46344 0.189496 0.46344 7 P 0
L 0.177586 0.46334 0.189326 0.46334 7 P 0
L 0.177686 0.46324 0.189166 0.46324 7 P 0
L 0.177786 0.46314 0.189016 0.46314 7 P 0
L 0.177886 0.46304 0.188876 0.46304 7 P 0
L 0.177986 0.46294 0.188726 0.46294 7 P 0
L 0.178086 0.46284 0.188576 0.46284 7 P 0
L 0.178186 0.46274 0.188426 0.46274 7 P 0
L 0.178286 0.46264 0.188286 0.46264 7 P 0
L 0.178386 0.46254 0.188136 0.46254 7 P 0
L 0.178486 0.46244 0.187986 0.46244 7 P 0
L 0.178586 0.46234 0.187836 0.46234 7 P 0
L 0.178686 0.46224 0.187686 0.46224 7 P 0
L 0.178786 0.46214 0.187566 0.46214 7 P 0
L 0.178886 0.46204 0.187436 0.46204 7 P 0
L 0.178986 0.46194 0.187306 0.46194 7 P 0
L 0.179086 0.46184 0.187176 0.46184 7 P 0
L 0.179186 0.46174 0.187046 0.46174 7 P 0
L 0.179286 0.46164 0.186916 0.46164 7 P 0
L 0.179386 0.46154 0.186786 0.46154 7 P 0
L 0.179486 0.46144 0.186656 0.46144 7 P 0
L 0.179586 0.46134 0.186526 0.46134 7 P 0
L 0.179686 0.46124 0.186396 0.46124 7 P 0
L 0.179786 0.46114 0.186266 0.46114 7 P 0
L 0.179886 0.46104 0.186136 0.46104 7 P 0
L 0.179986 0.46094 0.186016 0.46094 7 P 0
L 0.180086 0.46084 0.185896 0.46084 7 P 0
L 0.180186 0.46074 0.185786 0.46074 7 P 0
L 0.180286 0.46064 0.185666 0.46064 7 P 0
L 0.180386 0.46054 0.185556 0.46054 7 P 0
L 0.180486 0.46044 0.185436 0.46044 7 P 0
L 0.180586 0.46034 0.185326 0.46034 7 P 0
L 0.180686 0.46024 0.185206 0.46024 7 P 0
L 0.180786 0.46014 0.185096 0.46014 7 P 0
L 0.180886 0.46004 0.184976 0.46004 7 P 0
L 0.180986 0.45994 0.184856 0.45994 7 P 0
L 0.181086 0.45984 0.184746 0.45984 7 P 0
L 0.181186 0.45974 0.184626 0.45974 7 P 0
L 0.181286 0.45964 0.184516 0.45964 7 P 0
L 0.181386 0.45954 0.184406 0.45954 7 P 0
L 0.181486 0.45944 0.184296 0.45944 7 P 0
L 0.181586 0.45934 0.184196 0.45934 7 P 0
L 0.181686 0.45924 0.184086 0.45924 7 P 0
L 0.181786 0.45914 0.183986 0.45914 7 P 0
L 0.181886 0.45904 0.183886 0.45904 7 P 0
L 0.181986 0.45894 0.183776 0.45894 7 P 0
L 0.182086 0.45884 0.183676 0.45884 7 P 0
L 0.182186 0.45874 0.183566 0.45874 7 P 0
L 0.182286 0.45864 0.183466 0.45864 7 P 0
L 0.182386 0.45854 0.183356 0.45854 7 P 0
L 0.182486 0.45844 0.183256 0.45844 7 P 0
L 0.182586 0.45834 0.183146 0.45834 7 P 0
L 0.182686 0.45824 0.183046 0.45824 7 P 0
L 0.182786 0.45814 0.182936 0.45814 7 P 0
L 0.168786 0.47214 0.168786 0.47214 7 P 0
L 0.168886 0.47204 0.168886 0.47225 7 P 0
L 0.168986 0.47194 0.168986 0.47235 7 P 0
L 0.169086 0.47184 0.169086 0.47246 7 P 0
L 0.169186 0.47174 0.169186 0.47256 7 P 0
L 0.169286 0.47164 0.169286 0.47267 7 P 0
L 0.169386 0.47154 0.169386 0.47277 7 P 0
L 0.169486 0.47144 0.169486 0.47287 7 P 0
L 0.169586 0.47134 0.169586 0.47298 7 P 0
L 0.169686 0.47124 0.169686 0.47308 7 P 0
L 0.169786 0.47114 0.169786 0.47319 7 P 0
L 0.169886 0.47104 0.169886 0.47329 7 P 0
L 0.169986 0.47094 0.169986 0.4734 7 P 0
L 0.170086 0.47084 0.170086 0.4735 7 P 0
L 0.170186 0.47074 0.170186 0.47361 7 P 0
L 0.170286 0.47064 0.170286 0.47371 7 P 0
L 0.170386 0.47054 0.170386 0.47383 7 P 0
L 0.170486 0.47044 0.170486 0.47395 7 P 0
L 0.170586 0.47034 0.170586 0.47407 7 P 0
L 0.170686 0.47024 0.170686 0.47419 7 P 0
L 0.170786 0.47014 0.170786 0.47432 7 P 0
L 0.170886 0.47004 0.170886 0.47444 7 P 0
L 0.170986 0.46994 0.170986 0.47456 7 P 0
L 0.171086 0.46984 0.171086 0.47468 7 P 0
L 0.171186 0.46974 0.171186 0.4748 7 P 0
L 0.171286 0.46964 0.171286 0.47493 7 P 0
L 0.171386 0.46954 0.171386 0.47505 7 P 0
L 0.171486 0.46944 0.171486 0.47517 7 P 0
L 0.171586 0.46934 0.171586 0.47529 7 P 0
L 0.171686 0.46924 0.171686 0.47542 7 P 0
L 0.171786 0.46914 0.171786 0.47554 7 P 0
L 0.171886 0.46904 0.171886 0.47566 7 P 0
L 0.171986 0.46894 0.171986 0.47578 7 P 0
L 0.172086 0.46884 0.172086 0.4759 7 P 0
L 0.172186 0.46874 0.172186 0.47603 7 P 0
L 0.172286 0.46864 0.172286 0.47615 7 P 0
L 0.172386 0.46854 0.172386 0.47627 7 P 0
L 0.172486 0.46844 0.172486 0.47639 7 P 0
L 0.172586 0.46834 0.172586 0.47651 7 P 0
L 0.172686 0.46824 0.172686 0.47664 7 P 0
L 0.172786 0.46814 0.172786 0.47676 7 P 0
L 0.172886 0.46804 0.172886 0.47688 7 P 0
L 0.172986 0.46794 0.172986 0.47701 7 P 0
L 0.173086 0.46784 0.173086 0.47716 7 P 0
L 0.173186 0.46774 0.173186 0.47731 7 P 0
L 0.173286 0.46764 0.173286 0.47745 7 P 0
L 0.173386 0.46754 0.173386 0.4776 7 P 0
L 0.173486 0.46744 0.173486 0.47775 7 P 0
L 0.173586 0.46734 0.173586 0.4779 7 P 0
L 0.173686 0.46724 0.173686 0.47804 7 P 0
L 0.173786 0.46714 0.173786 0.47819 7 P 0
L 0.173886 0.46704 0.173886 0.47834 7 P 0
L 0.173986 0.46694 0.173986 0.47849 7 P 0
L 0.174086 0.46684 0.174086 0.47865 7 P 0
L 0.174186 0.46674 0.174186 0.47882 7 P 0
L 0.174286 0.46664 0.174286 0.47899 7 P 0
L 0.174386 0.46654 0.174386 0.47917 7 P 0
L 0.174486 0.46644 0.174486 0.47934 7 P 0
L 0.174586 0.46634 0.174586 0.47951 7 P 0
L 0.174686 0.46624 0.174686 0.47969 7 P 0
L 0.174786 0.46614 0.174786 0.47986 7 P 0
L 0.174886 0.46604 0.174886 0.48003 7 P 0
L 0.174986 0.46594 0.174986 0.48022 7 P 0
L 0.175086 0.46584 0.175086 0.48043 7 P 0
L 0.175186 0.46574 0.175186 0.48064 7 P 0
L 0.175286 0.46564 0.175286 0.48085 7 P 0
L 0.175386 0.46554 0.175386 0.48106 7 P 0
L 0.175486 0.46544 0.175486 0.48127 7 P 0
L 0.175586 0.46534 0.175586 0.48148 7 P 0
L 0.175686 0.46524 0.175686 0.48169 7 P 0
L 0.175786 0.46514 0.175786 0.48196 7 P 0
L 0.175886 0.46504 0.175886 0.48223 7 P 0
L 0.175986 0.46494 0.175986 0.48249 7 P 0
L 0.176086 0.46484 0.176086 0.48276 7 P 0
L 0.176186 0.46474 0.176186 0.48303 7 P 0
L 0.176286 0.46464 0.176286 0.48334 7 P 0
L 0.176386 0.46454 0.176386 0.48371 7 P 0
L 0.176486 0.46444 0.176486 0.48408 7 P 0
L 0.176586 0.46434 0.176586 0.48445 7 P 0
L 0.176686 0.46424 0.176686 0.48493 7 P 0
L 0.176786 0.46414 0.176786 0.48555 7 P 0
L 0.176886 0.46404 0.176886 0.48622 7 P 0
L 0.176986 0.46394 0.176986 0.48747 7 P 0
L 0.177086 0.46384 0.177086 0.48737 7 P 0
L 0.177186 0.46374 0.177186 0.48727 7 P 0
L 0.177286 0.46364 0.177286 0.48717 7 P 0
L 0.177386 0.46354 0.177386 0.48707 7 P 0
L 0.177486 0.46344 0.177486 0.48697 7 P 0
L 0.177586 0.46334 0.177586 0.48687 7 P 0
L 0.177686 0.46324 0.177686 0.48677 7 P 0
L 0.177786 0.46314 0.177786 0.48667 7 P 0
L 0.177886 0.46304 0.177886 0.48657 7 P 0
L 0.177986 0.46294 0.177986 0.48647 7 P 0
L 0.178086 0.46284 0.178086 0.48637 7 P 0
L 0.178186 0.46274 0.178186 0.48627 7 P 0
L 0.178286 0.46264 0.178286 0.48617 7 P 0
L 0.178386 0.46254 0.178386 0.48607 7 P 0
L 0.178486 0.46244 0.178486 0.48597 7 P 0
L 0.178586 0.46234 0.178586 0.48587 7 P 0
L 0.178686 0.46224 0.178686 0.48577 7 P 0
L 0.178786 0.46214 0.178786 0.48567 7 P 0
L 0.178886 0.46204 0.178886 0.48557 7 P 0
L 0.178986 0.46194 0.178986 0.48547 7 P 0
L 0.179086 0.46184 0.179086 0.48537 7 P 0
L 0.179186 0.46174 0.179186 0.48527 7 P 0
L 0.179286 0.46164 0.179286 0.48517 7 P 0
L 0.179386 0.46154 0.179386 0.48507 7 P 0
L 0.179486 0.46144 0.179486 0.48497 7 P 0
L 0.179586 0.46134 0.179586 0.48487 7 P 0
L 0.179686 0.46124 0.179686 0.48477 7 P 0
L 0.179786 0.46114 0.179786 0.48467 7 P 0
L 0.179886 0.46104 0.179886 0.48457 7 P 0
L 0.179986 0.46094 0.179986 0.48447 7 P 0
L 0.180086 0.46084 0.180086 0.48437 7 P 0
L 0.180186 0.46074 0.180186 0.48427 7 P 0
L 0.180286 0.46064 0.180286 0.48417 7 P 0
L 0.180386 0.46054 0.180386 0.48407 7 P 0
L 0.180486 0.46044 0.180486 0.48397 7 P 0
L 0.180586 0.46034 0.180586 0.48387 7 P 0
L 0.180686 0.46024 0.180686 0.48377 7 P 0
L 0.180786 0.46014 0.180786 0.48367 7 P 0
L 0.180886 0.46004 0.180886 0.48357 7 P 0
L 0.180986 0.45994 0.180986 0.48347 7 P 0
L 0.181086 0.45984 0.181086 0.48337 7 P 0
L 0.181186 0.45974 0.181186 0.48327 7 P 0
L 0.181286 0.45964 0.181286 0.48317 7 P 0
L 0.181386 0.45954 0.181386 0.48307 7 P 0
L 0.181486 0.45944 0.181486 0.48297 7 P 0
L 0.181586 0.45934 0.181586 0.48287 7 P 0
L 0.181686 0.45924 0.181686 0.48277 7 P 0
L 0.181786 0.45914 0.181786 0.48267 7 P 0
L 0.181886 0.45904 0.181886 0.48257 7 P 0
L 0.181986 0.45894 0.181986 0.48247 7 P 0
L 0.182086 0.45884 0.182086 0.48237 7 P 0
L 0.182186 0.45874 0.182186 0.48227 7 P 0
L 0.182286 0.45864 0.182286 0.48217 7 P 0
L 0.182386 0.45854 0.182386 0.48207 7 P 0
L 0.182486 0.45844 0.182486 0.48197 7 P 0
L 0.182586 0.45834 0.182586 0.48187 7 P 0
L 0.182686 0.45824 0.182686 0.48177 7 P 0
L 0.182786 0.45814 0.182786 0.48167 7 P 0
L 0.182886 0.4581 0.182886 0.48157 7 P 0
L 0.182986 0.45819 0.182986 0.48147 7 P 0
L 0.183086 0.45829 0.183086 0.48137 7 P 0
L 0.183186 0.45838 0.183186 0.48127 7 P 0
L 0.183286 0.45848 0.183286 0.48117 7 P 0
L 0.183386 0.45857 0.183386 0.48107 7 P 0
L 0.183486 0.45867 0.183486 0.48097 7 P 0
L 0.183586 0.45876 0.183586 0.48087 7 P 0
L 0.183686 0.45886 0.183686 0.48077 7 P 0
L 0.183786 0.45896 0.183786 0.48067 7 P 0
L 0.183886 0.45905 0.183886 0.48057 7 P 0
L 0.183986 0.45915 0.183986 0.48047 7 P 0
L 0.184086 0.45924 0.184086 0.48037 7 P 0
L 0.184186 0.45934 0.184186 0.48027 7 P 0
L 0.184286 0.45943 0.184286 0.48017 7 P 0
L 0.184386 0.45953 0.184386 0.48007 7 P 0
L 0.184486 0.45962 0.184486 0.47997 7 P 0
L 0.184586 0.45971 0.184586 0.47987 7 P 0
L 0.184686 0.4598 0.184686 0.47977 7 P 0
L 0.184786 0.45988 0.184786 0.47967 7 P 0
L 0.184886 0.45997 0.184886 0.47957 7 P 0
L 0.184986 0.46005 0.184986 0.47947 7 P 0
L 0.185086 0.46014 0.185086 0.47937 7 P 0
L 0.185186 0.46023 0.185186 0.47927 7 P 0
L 0.185286 0.46031 0.185286 0.47917 7 P 0
L 0.185386 0.4604 0.185386 0.47907 7 P 0
L 0.185486 0.46049 0.185486 0.47897 7 P 0
L 0.185586 0.46057 0.185586 0.47887 7 P 0
L 0.185686 0.46066 0.185686 0.47877 7 P 0
L 0.185786 0.46075 0.185786 0.47867 7 P 0
L 0.185886 0.46083 0.185886 0.47857 7 P 0
L 0.185986 0.46092 0.185986 0.47847 7 P 0
L 0.186086 0.46101 0.186086 0.47837 7 P 0
L 0.186186 0.46108 0.186186 0.47827 7 P 0
L 0.186286 0.46116 0.186286 0.47817 7 P 0
L 0.186386 0.46124 0.186386 0.47807 7 P 0
L 0.186486 0.46132 0.186486 0.47797 7 P 0
L 0.186586 0.46139 0.186586 0.47787 7 P 0
L 0.186686 0.46147 0.186686 0.47777 7 P 0
L 0.186786 0.46155 0.186786 0.47767 7 P 0
L 0.186886 0.46162 0.186886 0.47757 7 P 0
L 0.186986 0.4617 0.186986 0.47747 7 P 0
L 0.187086 0.46178 0.187086 0.47737 7 P 0
L 0.187186 0.46186 0.187186 0.47727 7 P 0
L 0.187286 0.46193 0.187286 0.47717 7 P 0
L 0.187386 0.46201 0.187386 0.47707 7 P 0
L 0.187486 0.46209 0.187486 0.47697 7 P 0
L 0.187586 0.46216 0.187586 0.47687 7 P 0
L 0.187686 0.46224 0.187686 0.47677 7 P 0
L 0.187786 0.46231 0.187786 0.47667 7 P 0
L 0.187886 0.46238 0.187886 0.47657 7 P 0
L 0.187986 0.46244 0.187986 0.47647 7 P 0
L 0.188086 0.46251 0.188086 0.47637 7 P 0
L 0.188186 0.46258 0.188186 0.47627 7 P 0
L 0.188286 0.46265 0.188286 0.47617 7 P 0
L 0.188386 0.46272 0.188386 0.47607 7 P 0
L 0.188486 0.46278 0.188486 0.47597 7 P 0
L 0.188586 0.46285 0.188586 0.47587 7 P 0
L 0.188686 0.46292 0.188686 0.47577 7 P 0
L 0.188786 0.46299 0.188786 0.47567 7 P 0
L 0.188886 0.46305 0.188886 0.47557 7 P 0
L 0.188986 0.46312 0.188986 0.47547 7 P 0
L 0.189086 0.46319 0.189086 0.47537 7 P 0
L 0.189186 0.46326 0.189186 0.47527 7 P 0
L 0.189286 0.46332 0.189286 0.47517 7 P 0
L 0.189386 0.46338 0.189386 0.47507 7 P 0
L 0.189486 0.46344 0.189486 0.47497 7 P 0
L 0.189586 0.4635 0.189586 0.47487 7 P 0
L 0.189686 0.46355 0.189686 0.47477 7 P 0
L 0.189786 0.46361 0.189786 0.47467 7 P 0
L 0.189886 0.46367 0.189886 0.47457 7 P 0
L 0.189986 0.46373 0.189986 0.47447 7 P 0
L 0.190086 0.46379 0.190086 0.47437 7 P 0
L 0.190186 0.46384 0.190186 0.47427 7 P 0
L 0.190286 0.4639 0.190286 0.47417 7 P 0
L 0.190386 0.46396 0.190386 0.47407 7 P 0
L 0.190486 0.46402 0.190486 0.47397 7 P 0
L 0.190586 0.46408 0.190586 0.47387 7 P 0
L 0.190686 0.46413 0.190686 0.47377 7 P 0
L 0.190786 0.46419 0.190786 0.47367 7 P 0
L 0.190886 0.46424 0.190886 0.47357 7 P 0
L 0.190986 0.46429 0.190986 0.47347 7 P 0
L 0.191086 0.46434 0.191086 0.47337 7 P 0
L 0.191186 0.46439 0.191186 0.47327 7 P 0
L 0.191286 0.46444 0.191286 0.47317 7 P 0
L 0.191386 0.46448 0.191386 0.47307 7 P 0
L 0.191486 0.46453 0.191486 0.47297 7 P 0
L 0.191586 0.46458 0.191586 0.47287 7 P 0
L 0.191686 0.46463 0.191686 0.47277 7 P 0
L 0.191786 0.46467 0.191786 0.47267 7 P 0
L 0.191886 0.46472 0.191886 0.47257 7 P 0
L 0.191986 0.46477 0.191986 0.47247 7 P 0
L 0.192085 0.46482 0.192085 0.47237 7 P 0
L 0.192186 0.46487 0.192186 0.47227 7 P 0
L 0.192286 0.46491 0.192286 0.47217 7 P 0
L 0.192386 0.46496 0.192386 0.47207 7 P 0
L 0.192485 0.465 0.192485 0.47197 7 P 0
L 0.192586 0.46504 0.192586 0.47187 7 P 0
L 0.192686 0.46507 0.192686 0.47177 7 P 0
L 0.192786 0.46511 0.192786 0.47167 7 P 0
L 0.192885 0.46515 0.192885 0.47157 7 P 0
L 0.192986 0.46519 0.192986 0.47147 7 P 0
L 0.193086 0.46522 0.193086 0.47137 7 P 0
L 0.193186 0.46526 0.193186 0.47127 7 P 0
L 0.193285 0.4653 0.193285 0.47117 7 P 0
L 0.193386 0.46534 0.193386 0.47107 7 P 0
L 0.193486 0.46537 0.193486 0.47097 7 P 0
L 0.193586 0.46541 0.193586 0.47087 7 P 0
L 0.193685 0.46545 0.193685 0.47077 7 P 0
L 0.193786 0.46549 0.193786 0.47067 7 P 0
L 0.193886 0.46552 0.193886 0.47057 7 P 0
L 0.193986 0.46555 0.193986 0.47047 7 P 0
L 0.194086 0.46558 0.194086 0.47037 7 P 0
L 0.194186 0.4656 0.194186 0.47027 7 P 0
L 0.194286 0.46563 0.194286 0.47017 7 P 0
L 0.194385 0.46566 0.194385 0.47007 7 P 0
L 0.194486 0.46569 0.194486 0.46997 7 P 0
L 0.194586 0.46571 0.194586 0.46987 7 P 0
L 0.194686 0.46574 0.194686 0.46977 7 P 0
L 0.194785 0.46577 0.194785 0.46967 7 P 0
L 0.194886 0.46579 0.194886 0.46957 7 P 0
L 0.194986 0.46582 0.194986 0.46947 7 P 0
L 0.195086 0.46585 0.195086 0.46937 7 P 0
L 0.195185 0.46587 0.195185 0.46927 7 P 0
L 0.195286 0.4659 0.195286 0.46917 7 P 0
L 0.195386 0.46593 0.195386 0.46907 7 P 0
L 0.195486 0.46594 0.195486 0.46897 7 P 0
L 0.195585 0.46596 0.195585 0.46887 7 P 0
L 0.195686 0.46598 0.195686 0.46877 7 P 0
L 0.195786 0.46599 0.195786 0.46867 7 P 0
L 0.195886 0.46601 0.195886 0.46857 7 P 0
L 0.195985 0.46602 0.195985 0.46847 7 P 0
L 0.196086 0.46604 0.196086 0.46837 7 P 0
L 0.196186 0.46606 0.196186 0.46827 7 P 0
L 0.196285 0.46607 0.196285 0.46817 7 P 0
L 0.196386 0.46609 0.196386 0.46807 7 P 0
L 0.196486 0.4661 0.196486 0.46797 7 P 0
L 0.196586 0.46612 0.196586 0.46787 7 P 0
L 0.196685 0.46614 0.196685 0.46777 7 P 0
L 0.196786 0.46615 0.196786 0.46767 7 P 0
L 0.196886 0.46617 0.196886 0.46757 7 P 0
L 0.196986 0.46617 0.196986 0.46747 7 P 0
L 0.197085 0.46618 0.197085 0.46737 7 P 0
L 0.197186 0.46618 0.197186 0.46727 7 P 0
L 0.197286 0.46619 0.197286 0.46717 7 P 0
L 0.197386 0.46619 0.197386 0.46707 7 P 0
L 0.197485 0.4662 0.197485 0.46697 7 P 0
L 0.197586 0.4662 0.197586 0.46687 7 P 0
L 0.197686 0.4662 0.197686 0.46677 7 P 0
L 0.197786 0.46621 0.197786 0.46667 7 P 0
L 0.197885 0.46621 0.197885 0.46657 7 P 0
L 0.197986 0.46622 0.197986 0.46647 7 P 0
L 0.198086 0.46622 0.198086 0.46637 7 P 0
L 0.198185 0.46623 0.198185 0.46627 7 P 0
L 0.231265 0.0967 0.210586 0.0967 8 P 0
L 0.210586 0.0967 0.210586 0.16344 8 P 0
L 0.210586 0.16344 0.231265 0.16344 8 P 0
L 0.231265 0.16344 0.231265 0.0967 8 P 0
L 0.270235 0.09709 0.249556 0.09709 8 P 0
L 0.249556 0.09709 0.249556 0.16383 8 P 0
L 0.249556 0.16383 0.270235 0.16383 8 P 0
L 0.270235 0.16383 0.270235 0.09709 8 P 0
L 0.310005 0.0967 0.289326 0.0967 8 P 0
L 0.289326 0.0967 0.289326 0.16344 8 P 0
L 0.289326 0.16344 0.310005 0.16344 8 P 0
L 0.310005 0.16344 0.310005 0.0967 8 P 0
L 0.194645 0.0093 0.167276 0.0093 8 P 0
L 0.167276 0.0093 0.167276 0.05163 8 P 0
L 0.167276 0.05163 0.194645 0.05163 8 P 0
L 0.194645 0.05163 0.194645 0.0093 8 P 0
L 0.471816 0.00969 0.444446 0.00969 8 P 0
L 0.444446 0.00969 0.444446 0.05202 8 P 0
L 0.444446 0.05202 0.471816 0.05202 8 P 0
L 0.471816 0.05202 0.471816 0.00969 8 P 0
L 0.426726 0.09709 0.442256 0.09709 8 P 0
L 0.442256 0.09709 0.444846 0.09968 8 P 0
L 0.444846 0.09968 0.444846 0.14061 8 P 0
L 0.444846 0.14061 0.426726 0.14061 8 P 0
L 0.426726 0.14061 0.426726 0.09709 8 P 0
L 0.210586 0.1567 0.231265 0.1567 8 P 0
L 0.210586 0.1447 0.231265 0.1447 8 P 0
L 0.210586 0.1327 0.231265 0.1327 8 P 0
L 0.210586 0.1207 0.231265 0.1207 8 P 0
L 0.210586 0.1087 0.231265 0.1087 8 P 0
L 0.219266 0.0967 0.219266 0.16344 8 P 0
L 0.249556 0.15709 0.270235 0.15709 8 P 0
L 0.249556 0.14509 0.270235 0.14509 8 P 0
L 0.249556 0.13309 0.270235 0.13309 8 P 0
L 0.249556 0.12109 0.270235 0.12109 8 P 0
L 0.249556 0.10909 0.270235 0.10909 8 P 0
L 0.258236 0.09709 0.258236 0.16383 8 P 0
L 0.289326 0.1567 0.310005 0.1567 8 P 0
L 0.289326 0.1447 0.310005 0.1447 8 P 0
L 0.289326 0.1327 0.310005 0.1327 8 P 0
L 0.289326 0.1207 0.310005 0.1207 8 P 0
L 0.289326 0.1087 0.310005 0.1087 8 P 0
L 0.298006 0.0967 0.298006 0.16344 8 P 0
L 0.167276 0.0453 0.194645 0.0453 8 P 0
L 0.167276 0.0333 0.194645 0.0333 8 P 0
L 0.167276 0.0213 0.194645 0.0213 8 P 0
L 0.170646 0.0093 0.170646 0.05163 8 P 0
L 0.182646 0.0093 0.182646 0.05163 8 P 0
L 0.444446 0.04569 0.471816 0.04569 8 P 0
L 0.444446 0.03369 0.471816 0.03369 8 P 0
L 0.444446 0.02169 0.471816 0.02169 8 P 0
L 0.447816 0.00969 0.447816 0.05202 8 P 0
L 0.459816 0.00969 0.459816 0.05202 8 P 0
L 0.426726 0.13309 0.444846 0.13309 8 P 0
L 0.426726 0.12109 0.444846 0.12109 8 P 0
L 0.426726 0.10909 0.444846 0.10909 8 P 0
L 0.426726 0.09709 0.426726 0.14061 8 P 0
L 0.438726 0.09709 0.438726 0.14061 8 P 0
