#
#Feature symbol names
#
$0 r6
$1 r3.94
$2 r5.91
$3 r2.36
$4 r0.79
$5 r3.15

#
#Feature attribute names
#
#
#Layer features
#
L 0.478696 0.3915 0.487186 0.39998 0 P 0
L 0.460536 0.39031 0.435616 0.41523 0 P 0
L 0.435616 0.41523 0.463456 0.44307 0 P 0
L 0.463456 0.44307 0.488376 0.41814 0 P 0
L 0.477506 0.37334 0.502426 0.34841 0 P 0
L 0.502426 0.34841 0.530266 0.37625 0 P 0
L 0.530266 0.37625 0.505346 0.40117 0 P 0
L 0.158186 0.3945 0.149696 0.40298 0 P 0
L 0.159376 0.37633 0.134456 0.35141 0 P 0
L 0.134456 0.35141 0.106616 0.37925 0 P 0
L 0.106616 0.37925 0.131536 0.40417 0 P 0
L 0.176346 0.39331 0.201266 0.41823 0 P 0
L 0.201266 0.41823 0.173426 0.44607 0 P 0
L 0.173426 0.44607 0.148506 0.42114 0 P 0
A 0.23311600 0.36459000 0.23311600 0.36459000 0.23114600 0.36459000 1 P 0 N
A 0.41075600 0.36453000 0.41075600 0.36453000 0.40878600 0.36453000 1 P 0 N
L 0.186606 0.35624 0.233926 0.40356 2 P 0
L 0.233926 0.40356 0.278476 0.35902 2 P 0
L 0.278476 0.35902 0.231146 0.3117 2 P 0
L 0.231146 0.3117 0.186606 0.35624 2 P 0
L 0.400436 0.40908 0.447766 0.36175 2 P 0
L 0.447766 0.36175 0.403216 0.31721 2 P 0
L 0.403216 0.31721 0.355895 0.36453 2 P 0
L 0.355895 0.36453 0.400436 0.40908 2 P 0
L 0.162456 0.55133 0.477416 0.55133 2 P 0
A 0.47715600 0.00000000 0.47763600 0.55121000 0.32493500 0.27573700 2 P 0 N
L 0.477416 0.00015 0.162456 0.00015 2 P 0
A 0.16272600 0.55148000 0.16224600 0.00027000 0.31493600 0.27574200 2 P 0 N
A 0.10537600 0.27574000 0.10537600 0.27574000 0.06600600 0.27574000 2 P 0 N
A 0.08686600 0.35290000 0.08686600 0.35290000 0.06521600 0.35290000 2 P 0 N
A 0.61324600 0.27574000 0.61324600 0.27574000 0.57387600 0.27574000 2 P 0 N
A 0.59513600 0.19779000 0.59513600 0.19779000 0.57348600 0.19779000 2 P 0 N
L 0.536766 0.35986 0.538196 0.36053 3 P 0
L 0.538196 0.36053 0.539996 0.36081 3 P 0
L 0.539996 0.36081 0.541276 0.36058 3 P 0
L 0.541276 0.36058 0.542796 0.35906 3 P 0
L 0.542796 0.35906 0.543036 0.35778 3 P 0
L 0.543036 0.35778 0.542746 0.35597 3 P 0
L 0.542746 0.35597 0.542086 0.35455 3 P 0
L 0.542086 0.35455 0.540896 0.3526 3 P 0
L 0.540896 0.3526 0.538286 0.34999 3 P 0
L 0.538286 0.34999 0.536346 0.34881 3 P 0
L 0.536346 0.34881 0.534916 0.34814 3 P 0
L 0.534916 0.34814 0.533116 0.34786 3 P 0
L 0.533116 0.34786 0.531836 0.3481 3 P 0
L 0.531836 0.3481 0.530316 0.34961 3 P 0
L 0.530316 0.34961 0.530076 0.3509 3 P 0
L 0.530076 0.3509 0.530366 0.3527 3 P 0
L 0.530366 0.3527 0.531026 0.35412 3 P 0
L 0.533876 0.3638 0.533636 0.36508 3 P 0
L 0.533636 0.36508 0.534066 0.36779 3 P 0
L 0.534066 0.36779 0.523106 0.35683 3 P 0
L 0.122986 0.44451 0.124416 0.44517 3 P 0
L 0.124416 0.44517 0.126216 0.44546 3 P 0
L 0.126216 0.44546 0.127496 0.44522 3 P 0
L 0.127496 0.44522 0.129016 0.4437 3 P 0
L 0.129016 0.4437 0.129256 0.44242 3 P 0
L 0.129256 0.44242 0.128966 0.44062 3 P 0
L 0.128966 0.44062 0.128306 0.4392 3 P 0
L 0.128306 0.4392 0.127116 0.43725 3 P 0
L 0.127116 0.43725 0.124506 0.43464 3 P 0
L 0.124506 0.43464 0.122566 0.43345 3 P 0
L 0.122566 0.43345 0.121136 0.43279 3 P 0
L 0.121136 0.43279 0.119336 0.4325 3 P 0
L 0.119336 0.4325 0.118056 0.43274 3 P 0
L 0.118056 0.43274 0.116536 0.43426 3 P 0
L 0.116536 0.43426 0.116296 0.43554 3 P 0
L 0.116296 0.43554 0.116586 0.43734 3 P 0
L 0.116586 0.43734 0.117246 0.43877 3 P 0
L 0.119196 0.44831 0.119716 0.44883 3 P 0
L 0.119716 0.44883 0.120376 0.45025 3 P 0
L 0.120376 0.45025 0.120526 0.45115 3 P 0
L 0.120526 0.45115 0.120286 0.45243 3 P 0
L 0.120286 0.45243 0.118766 0.45395 3 P 0
L 0.118766 0.45395 0.117486 0.45419 3 P 0
L 0.117486 0.45419 0.116586 0.45405 3 P 0
L 0.116586 0.45405 0.115156 0.45338 3 P 0
L 0.115156 0.45338 0.114116 0.45234 3 P 0
L 0.114116 0.45234 0.113456 0.45092 3 P 0
L 0.113456 0.45092 0.112646 0.44859 3 P 0
L 0.112646 0.44859 0.111226 0.43957 3 P 0
L 0.111226 0.43957 0.105906 0.44489 3 P 0
L 0.261605 0.43464 0.262886 0.43488 3 P 0
L 0.262886 0.43488 0.264686 0.4346 3 P 0
L 0.264686 0.4346 0.266116 0.43393 3 P 0
L 0.266116 0.43393 0.268055 0.43275 3 P 0
L 0.268055 0.43275 0.270666 0.43014 3 P 0
L 0.270666 0.43014 0.271855 0.42819 3 P 0
L 0.271855 0.42819 0.272516 0.42677 3 P 0
L 0.272516 0.42677 0.272806 0.42496 3 P 0
L 0.272806 0.42496 0.272566 0.42368 3 P 0
L 0.272566 0.42368 0.271046 0.42216 3 P 0
L 0.271046 0.42216 0.269765 0.42193 3 P 0
L 0.269765 0.42193 0.267966 0.42221 3 P 0
L 0.267966 0.42221 0.266536 0.42288 3 P 0
L 0.266536 0.42288 0.264596 0.42406 3 P 0
L 0.264596 0.42406 0.261986 0.42667 3 P 0
L 0.261986 0.42667 0.260796 0.42862 3 P 0
L 0.260796 0.42862 0.260136 0.43004 3 P 0
L 0.260136 0.43004 0.259845 0.43184 3 P 0
L 0.259845 0.43184 0.260086 0.43313 3 P 0
L 0.260086 0.43313 0.261605 0.43464 3 P 0
L 0.269336 0.42463 0.270196 0.41922 3 P 0
L 0.256626 0.42444 0.256096 0.42496 3 P 0
L 0.256096 0.42496 0.254676 0.42563 3 P 0
L 0.254676 0.42563 0.253776 0.42577 3 P 0
L 0.253776 0.42577 0.252496 0.42553 3 P 0
L 0.252496 0.42553 0.250975 0.42401 3 P 0
L 0.250975 0.42401 0.250736 0.42273 3 P 0
L 0.250736 0.42273 0.250876 0.42183 3 P 0
L 0.250876 0.42183 0.251546 0.42041 3 P 0
L 0.251546 0.42041 0.252586 0.41936 3 P 0
L 0.252586 0.41936 0.254016 0.4187 3 P 0
L 0.254016 0.4187 0.256336 0.41789 3 P 0
L 0.256336 0.41789 0.265355 0.41647 3 P 0
L 0.265355 0.41647 0.260036 0.41115 3 P 0
L 0.481386 0.31084 0.481626 0.30956 3 P 0
L 0.481626 0.30956 0.481336 0.30776 3 P 0
L 0.481336 0.30776 0.480676 0.30634 3 P 0
L 0.480676 0.30634 0.479486 0.30439 3 P 0
L 0.479486 0.30439 0.476876 0.30178 3 P 0
L 0.476876 0.30178 0.474936 0.3006 3 P 0
L 0.474936 0.3006 0.473506 0.29993 3 P 0
L 0.473506 0.29993 0.471706 0.29965 3 P 0
L 0.471706 0.29965 0.470426 0.29988 3 P 0
L 0.470426 0.29988 0.468906 0.3014 3 P 0
L 0.468906 0.3014 0.468666 0.30268 3 P 0
L 0.468666 0.30268 0.468956 0.30449 3 P 0
L 0.468956 0.30449 0.469616 0.30591 3 P 0
L 0.469616 0.30591 0.470806 0.30786 3 P 0
L 0.470806 0.30786 0.473416 0.31047 3 P 0
L 0.473416 0.31047 0.475356 0.31165 3 P 0
L 0.475356 0.31165 0.476786 0.31232 3 P 0
L 0.476786 0.31232 0.478586 0.3126 3 P 0
L 0.478586 0.3126 0.479866 0.31236 3 P 0
L 0.479866 0.31236 0.481386 0.31084 3 P 0
L 0.471376 0.30311 0.465966 0.30226 3 P 0
L 0.472086 0.31597 0.471846 0.31725 3 P 0
L 0.471846 0.31725 0.472276 0.31996 3 P 0
L 0.472276 0.31996 0.461316 0.30899 3 P 0
A 0.24724500 0.39705000 0.35383600 0.41308000 0.32003500 0.27544100 4 P 0 N
L 0.489556 0.08134 0.489556 0.06584 5 P 0
L 0.482046 0.08134 0.489556 0.07101 5 P 0
L 0.486876 0.0747 0.482046 0.06584 5 P 0
L 0.469156 0.07765 0.469696 0.07913 5 P 0
L 0.469696 0.07913 0.470766 0.0806 5 P 0
L 0.470766 0.0806 0.471846 0.08134 5 P 0
L 0.471846 0.08134 0.473986 0.08134 5 P 0
L 0.473986 0.08134 0.475066 0.0806 5 P 0
L 0.475066 0.0806 0.476136 0.07913 5 P 0
L 0.476136 0.07913 0.476676 0.07765 5 P 0
L 0.476676 0.07765 0.477206 0.07543 5 P 0
L 0.477206 0.07543 0.477206 0.07174 5 P 0
L 0.477206 0.07174 0.476676 0.06953 5 P 0
L 0.476676 0.06953 0.476136 0.06805 5 P 0
L 0.476136 0.06805 0.475066 0.06658 5 P 0
L 0.475066 0.06658 0.473986 0.06584 5 P 0
L 0.473986 0.06584 0.471846 0.06584 5 P 0
L 0.471846 0.06584 0.470766 0.06658 5 P 0
L 0.470766 0.06658 0.469696 0.06805 5 P 0
L 0.469696 0.06805 0.469156 0.06953 5 P 0
L 0.464326 0.08134 0.464326 0.06584 5 P 0
L 0.464326 0.08134 0.460566 0.08134 5 P 0
L 0.460566 0.08134 0.458956 0.0806 5 P 0
L 0.458956 0.0806 0.457886 0.07913 5 P 0
L 0.457886 0.07913 0.457346 0.07765 5 P 0
L 0.457346 0.07765 0.456806 0.07543 5 P 0
L 0.456806 0.07543 0.456806 0.07174 5 P 0
L 0.456806 0.07174 0.457346 0.06953 5 P 0
L 0.457346 0.06953 0.457886 0.06805 5 P 0
L 0.457886 0.06805 0.458956 0.06658 5 P 0
L 0.458956 0.06658 0.460566 0.06584 5 P 0
L 0.460566 0.06584 0.464326 0.06584 5 P 0
L 0.451976 0.06289 0.440706 0.06289 5 P 0
L 0.437486 0.08134 0.437486 0.06584 5 P 0
L 0.437486 0.08134 0.432656 0.08134 5 P 0
L 0.432656 0.08134 0.431036 0.0806 5 P 0
L 0.431036 0.0806 0.430506 0.07986 5 P 0
L 0.430506 0.07986 0.429966 0.07839 5 P 0
L 0.429966 0.07839 0.429966 0.07691 5 P 0
L 0.429966 0.07691 0.430506 0.07543 5 P 0
L 0.430506 0.07543 0.431036 0.0747 5 P 0
L 0.431036 0.0747 0.432656 0.07396 5 P 0
L 0.437486 0.07396 0.432656 0.07396 5 P 0
L 0.432656 0.07396 0.431036 0.07322 5 P 0
L 0.431036 0.07322 0.430506 0.07248 5 P 0
L 0.430506 0.07248 0.429966 0.07101 5 P 0
L 0.429966 0.07101 0.429966 0.06879 5 P 0
L 0.429966 0.06879 0.430506 0.06731 5 P 0
L 0.430506 0.06731 0.431036 0.06658 5 P 0
L 0.431036 0.06658 0.432656 0.06584 5 P 0
L 0.432656 0.06584 0.437486 0.06584 5 P 0
L 0.425136 0.08134 0.425136 0.06584 5 P 0
L 0.425136 0.08134 0.420306 0.08134 5 P 0
L 0.420306 0.08134 0.418696 0.0806 5 P 0
L 0.418696 0.0806 0.418156 0.07986 5 P 0
L 0.418156 0.07986 0.417616 0.07839 5 P 0
L 0.417616 0.07839 0.417616 0.07691 5 P 0
L 0.417616 0.07691 0.418156 0.07543 5 P 0
L 0.418156 0.07543 0.418696 0.0747 5 P 0
L 0.418696 0.0747 0.420306 0.07396 5 P 0
L 0.420306 0.07396 0.425136 0.07396 5 P 0
L 0.421376 0.07396 0.417616 0.06584 5 P 0
L 0.412786 0.08134 0.412786 0.07027 5 P 0
L 0.412786 0.07027 0.412246 0.06805 5 P 0
L 0.412246 0.06805 0.411176 0.06658 5 P 0
L 0.411176 0.06658 0.409566 0.06584 5 P 0
L 0.409566 0.06584 0.408496 0.06584 5 P 0
L 0.408496 0.06584 0.406886 0.06658 5 P 0
L 0.406886 0.06658 0.405806 0.06805 5 P 0
L 0.405806 0.06805 0.405276 0.07027 5 P 0
L 0.405276 0.07027 0.405276 0.08134 5 P 0
L 0.392926 0.07913 0.393996 0.0806 5 P 0
L 0.393996 0.0806 0.395606 0.08134 5 P 0
L 0.395606 0.08134 0.397756 0.08134 5 P 0
L 0.397756 0.08134 0.399366 0.0806 5 P 0
L 0.399366 0.0806 0.400436 0.07913 5 P 0
L 0.400436 0.07913 0.400436 0.07765 5 P 0
L 0.400436 0.07765 0.399906 0.07617 5 P 0
L 0.399906 0.07617 0.399366 0.07543 5 P 0
L 0.399366 0.07543 0.398296 0.0747 5 P 0
L 0.398296 0.0747 0.395066 0.07322 5 P 0
L 0.395066 0.07322 0.393996 0.07248 5 P 0
L 0.393996 0.07248 0.393456 0.07174 5 P 0
L 0.393456 0.07174 0.392926 0.07027 5 P 0
L 0.392926 0.07027 0.392926 0.06805 5 P 0
L 0.392926 0.06805 0.393996 0.06658 5 P 0
L 0.393996 0.06658 0.395606 0.06584 5 P 0
L 0.395606 0.06584 0.397756 0.06584 5 P 0
L 0.397756 0.06584 0.399366 0.06658 5 P 0
L 0.399366 0.06658 0.400436 0.06805 5 P 0
L 0.388096 0.08134 0.388096 0.06584 5 P 0
L 0.380575 0.08134 0.380575 0.06584 5 P 0
L 0.388096 0.07396 0.380575 0.07396 5 P 0
L 0.375746 0.06289 0.364466 0.06289 5 P 0
L 0.361246 0.08134 0.361246 0.06584 5 P 0
L 0.361246 0.06584 0.354806 0.06584 5 P 0
L 0.349976 0.08134 0.349976 0.06584 5 P 0
L 0.342456 0.08134 0.342456 0.06584 5 P 0
L 0.349976 0.07396 0.342456 0.07396 5 P 0
L 0.337626 0.08134 0.333336 0.06584 5 P 0
L 0.329036 0.08134 0.333336 0.06584 5 P 0
L 0.324206 0.07839 0.323136 0.07913 5 P 0
L 0.323136 0.07913 0.321516 0.08134 5 P 0
L 0.321516 0.08134 0.321516 0.06584 5 P 0
L 0.316156 0.06731 0.316686 0.06658 5 P 0
L 0.316686 0.06658 0.316156 0.06584 5 P 0
L 0.316156 0.06584 0.315616 0.06658 5 P 0
L 0.315616 0.06658 0.316156 0.06731 5 P 0
L 0.307565 0.08134 0.309176 0.0806 5 P 0
L 0.309176 0.0806 0.310246 0.07839 5 P 0
L 0.310246 0.07839 0.310786 0.0747 5 P 0
L 0.310786 0.0747 0.310786 0.07248 5 P 0
L 0.310786 0.07248 0.310246 0.06879 5 P 0
L 0.310246 0.06879 0.309176 0.06658 5 P 0
L 0.309176 0.06658 0.307565 0.06584 5 P 0
L 0.307565 0.06584 0.306485 0.06584 5 P 0
L 0.306485 0.06584 0.304876 0.06658 5 P 0
L 0.304876 0.06658 0.303806 0.06879 5 P 0
L 0.303806 0.06879 0.303266 0.07248 5 P 0
L 0.303266 0.07248 0.303266 0.0747 5 P 0
L 0.303266 0.0747 0.303806 0.07839 5 P 0
L 0.303806 0.07839 0.304876 0.0806 5 P 0
L 0.304876 0.0806 0.306485 0.08134 5 P 0
L 0.306485 0.08134 0.307565 0.08134 5 P 0
