#
#Feature symbol names
#
$0 r5.91
$1 r1.97
$2 r49.31

#
#Feature attribute names
#
#
#Layer features
#
L 0.162456 0.55133 0.477416 0.55133 0 P 0
A 0.47715600 0.00000000 0.47763600 0.55121000 0.32493500 0.27573700 0 P 0 N
L 0.477416 0.00015 0.162456 0.00015 0 P 0
A 0.16272600 0.55148000 0.16224600 0.00027000 0.31493600 0.27574200 0 P 0 N
A 0.10537600 0.27574000 0.10537600 0.27574000 0.06600600 0.27574000 0 P 0 N
A 0.08686600 0.35290000 0.08686600 0.35290000 0.06521600 0.35290000 0 P 0 N
A 0.61324600 0.27574000 0.61324600 0.27574000 0.57387600 0.27574000 0 P 0 N
A 0.59513600 0.19779000 0.59513600 0.19779000 0.57348600 0.19779000 0 P 0 N
L 0.480796 0.38089 0.502026 0.35965 1 P 0
L 0.502026 0.35965 0.519026 0.37665 1 P 0
L 0.519026 0.37665 0.497786 0.39788 1 P 0
L 0.497786 0.39788 0.480796 0.38089 1 P 0
L 0.500516 0.36117 0.503546 0.36117 1 P 0
L 0.498546 0.36314 0.505516 0.36314 1 P 0
L 0.496576 0.36511 0.507486 0.36511 1 P 0
L 0.494606 0.36708 0.509456 0.36708 1 P 0
L 0.492636 0.36905 0.511426 0.36905 1 P 0
L 0.490666 0.37102 0.513386 0.37102 1 P 0
L 0.488706 0.37298 0.515356 0.37298 1 P 0
L 0.486736 0.37495 0.517326 0.37495 1 P 0
L 0.484766 0.37692 0.518746 0.37692 1 P 0
L 0.482796 0.37889 0.516786 0.37889 1 P 0
L 0.480826 0.38086 0.514816 0.38086 1 P 0
L 0.482736 0.38283 0.512846 0.38283 1 P 0
L 0.484696 0.38479 0.510876 0.38479 1 P 0
L 0.486666 0.38676 0.508906 0.38676 1 P 0
L 0.488636 0.38873 0.506936 0.38873 1 P 0
L 0.490606 0.3907 0.504966 0.3907 1 P 0
L 0.492576 0.39267 0.503006 0.39267 1 P 0
L 0.494546 0.39464 0.501036 0.39464 1 P 0
L 0.496506 0.39661 0.499066 0.39661 1 P 0
L 0.481356 0.38033 0.481356 0.38145 1 P 0
L 0.483326 0.37836 0.483326 0.38342 1 P 0
L 0.485296 0.37639 0.485296 0.38539 1 P 0
L 0.487266 0.37442 0.487266 0.38736 1 P 0
L 0.489226 0.37246 0.489226 0.38933 1 P 0
L 0.491196 0.37049 0.491196 0.39129 1 P 0
L 0.493166 0.36852 0.493166 0.39326 1 P 0
L 0.495136 0.36655 0.495136 0.39523 1 P 0
L 0.497106 0.36458 0.497106 0.3972 1 P 0
L 0.499076 0.36261 0.499076 0.3966 1 P 0
L 0.501046 0.36064 0.501046 0.39463 1 P 0
L 0.503006 0.36063 0.503006 0.39266 1 P 0
L 0.504976 0.3626 0.504976 0.39069 1 P 0
L 0.506946 0.36457 0.506946 0.38872 1 P 0
L 0.508916 0.36654 0.508916 0.38676 1 P 0
L 0.510886 0.36851 0.510886 0.38479 1 P 0
L 0.512856 0.37048 0.512856 0.38282 1 P 0
L 0.514816 0.37244 0.514816 0.38085 1 P 0
L 0.516786 0.37441 0.516786 0.37888 1 P 0
L 0.518756 0.37638 0.518756 0.37691 1 P 0
L 0.446856 0.41483 0.468086 0.3936 1 P 0
L 0.468086 0.3936 0.485086 0.41059 1 P 0
L 0.485086 0.41059 0.463846 0.43182 1 P 0
L 0.463846 0.43182 0.446856 0.41483 1 P 0
L 0.467046 0.39464 0.469126 0.39464 1 P 0
L 0.465076 0.39661 0.471096 0.39661 1 P 0
L 0.463116 0.39857 0.473066 0.39857 1 P 0
L 0.461146 0.40054 0.475036 0.40054 1 P 0
L 0.459176 0.40251 0.477006 0.40251 1 P 0
L 0.457206 0.40448 0.478976 0.40448 1 P 0
L 0.455236 0.40645 0.480946 0.40645 1 P 0
L 0.453266 0.40842 0.482906 0.40842 1 P 0
L 0.451296 0.41039 0.484876 0.41039 1 P 0
L 0.449336 0.41235 0.483316 0.41235 1 P 0
L 0.447366 0.41432 0.481346 0.41432 1 P 0
L 0.448316 0.41629 0.479376 0.41629 1 P 0
L 0.450286 0.41826 0.477416 0.41826 1 P 0
L 0.452246 0.42023 0.475446 0.42023 1 P 0
L 0.454216 0.4222 0.473476 0.4222 1 P 0
L 0.456186 0.42416 0.471506 0.42416 1 P 0
L 0.458156 0.42613 0.469536 0.42613 1 P 0
L 0.460126 0.4281 0.467566 0.4281 1 P 0
L 0.462096 0.43007 0.465596 0.43007 1 P 0
L 0.447896 0.41379 0.447896 0.41587 1 P 0
L 0.449856 0.41183 0.449856 0.41784 1 P 0
L 0.451826 0.40986 0.451826 0.41981 1 P 0
L 0.453796 0.40789 0.453796 0.42177 1 P 0
L 0.455766 0.40592 0.455766 0.42374 1 P 0
L 0.457736 0.40395 0.457736 0.42571 1 P 0
L 0.459706 0.40198 0.459706 0.42768 1 P 0
L 0.461676 0.40001 0.461676 0.42965 1 P 0
L 0.463636 0.39805 0.463636 0.43162 1 P 0
L 0.465606 0.39608 0.465606 0.43006 1 P 0
L 0.467576 0.39411 0.467576 0.42809 1 P 0
L 0.469546 0.39505 0.469546 0.42613 1 P 0
L 0.471516 0.39702 0.471516 0.42416 1 P 0
L 0.473486 0.39899 0.473486 0.42219 1 P 0
L 0.475446 0.40096 0.475446 0.42022 1 P 0
L 0.477416 0.40293 0.477416 0.41825 1 P 0
L 0.479386 0.40489 0.479386 0.41628 1 P 0
L 0.481356 0.40686 0.481356 0.41432 1 P 0
L 0.483326 0.40883 0.483326 0.41235 1 P 0
L 0.168786 0.3966 0.190026 0.41783 1 P 0
L 0.190026 0.41783 0.173026 0.43482 1 P 0
L 0.173026 0.43482 0.151796 0.41359 1 P 0
L 0.151796 0.41359 0.168786 0.3966 1 P 0
L 0.168776 0.39661 0.168796 0.39661 1 P 0
L 0.166806 0.39857 0.170766 0.39857 1 P 0
L 0.164846 0.40054 0.172736 0.40054 1 P 0
L 0.162876 0.40251 0.174706 0.40251 1 P 0
L 0.160906 0.40448 0.176676 0.40448 1 P 0
L 0.158936 0.40645 0.178636 0.40645 1 P 0
L 0.156966 0.40842 0.180606 0.40842 1 P 0
L 0.154996 0.41039 0.182576 0.41039 1 P 0
L 0.153026 0.41235 0.184546 0.41235 1 P 0
L 0.152526 0.41432 0.186516 0.41432 1 P 0
L 0.154496 0.41629 0.188486 0.41629 1 P 0
L 0.156466 0.41826 0.189596 0.41826 1 P 0
L 0.158436 0.42023 0.187626 0.42023 1 P 0
L 0.160406 0.4222 0.185656 0.4222 1 P 0
L 0.162376 0.42416 0.183686 0.42416 1 P 0
L 0.164336 0.42613 0.181726 0.42613 1 P 0
L 0.166306 0.4281 0.179756 0.4281 1 P 0
L 0.168276 0.43007 0.177786 0.43007 1 P 0
L 0.170246 0.43204 0.175816 0.43204 1 P 0
L 0.172216 0.43401 0.173846 0.43401 1 P 0
L 0.152616 0.41277 0.152616 0.41441 1 P 0
L 0.154586 0.4108 0.154586 0.41638 1 P 0
L 0.156556 0.40883 0.156556 0.41835 1 P 0
L 0.158526 0.40686 0.158526 0.42032 1 P 0
L 0.160486 0.40489 0.160486 0.42228 1 P 0
L 0.162456 0.40293 0.162456 0.42425 1 P 0
L 0.164426 0.40096 0.164426 0.42622 1 P 0
L 0.166396 0.39899 0.166396 0.42819 1 P 0
L 0.168366 0.39702 0.168366 0.43016 1 P 0
L 0.170336 0.39814 0.170336 0.43213 1 P 0
L 0.172296 0.40011 0.172296 0.43409 1 P 0
L 0.174266 0.40208 0.174266 0.43359 1 P 0
L 0.176236 0.40405 0.176236 0.43162 1 P 0
L 0.178206 0.40601 0.178206 0.42965 1 P 0
L 0.180176 0.40798 0.180176 0.42768 1 P 0
L 0.182146 0.40995 0.182146 0.42571 1 P 0
L 0.184116 0.41192 0.184116 0.42374 1 P 0
L 0.186076 0.41389 0.186076 0.42177 1 P 0
L 0.188046 0.41586 0.188046 0.41981 1 P 0
L 0.190016 0.41783 0.190016 0.41784 1 P 0
L 0.134846 0.36265 0.156086 0.38389 1 P 0
L 0.156086 0.38389 0.139086 0.40088 1 P 0
L 0.139086 0.40088 0.117856 0.37965 1 P 0
L 0.117856 0.37965 0.134846 0.36265 1 P 0
L 0.134356 0.36314 0.135336 0.36314 1 P 0
L 0.132396 0.36511 0.137306 0.36511 1 P 0
L 0.130426 0.36708 0.139266 0.36708 1 P 0
L 0.128456 0.36905 0.141236 0.36905 1 P 0
L 0.126486 0.37102 0.143206 0.37102 1 P 0
L 0.124516 0.37298 0.145176 0.37298 1 P 0
L 0.122546 0.37495 0.147146 0.37495 1 P 0
L 0.120576 0.37692 0.149116 0.37692 1 P 0
L 0.118616 0.37889 0.151086 0.37889 1 P 0
L 0.119066 0.38086 0.153046 0.38086 1 P 0
L 0.121036 0.38283 0.155016 0.38283 1 P 0
L 0.123006 0.38479 0.155176 0.38479 1 P 0
L 0.124966 0.38676 0.153206 0.38676 1 P 0
L 0.126936 0.38873 0.151236 0.38873 1 P 0
L 0.128906 0.3907 0.149276 0.3907 1 P 0
L 0.130876 0.39267 0.147306 0.39267 1 P 0
L 0.132846 0.39464 0.145336 0.39464 1 P 0
L 0.134816 0.39661 0.143366 0.39661 1 P 0
L 0.136776 0.39857 0.141396 0.39857 1 P 0
L 0.138746 0.40054 0.139426 0.40054 1 P 0
L 0.119156 0.37835 0.119156 0.38095 1 P 0
L 0.121116 0.37638 0.121116 0.38291 1 P 0
L 0.123086 0.37441 0.123086 0.38488 1 P 0
L 0.125056 0.37244 0.125056 0.38685 1 P 0
L 0.127026 0.37048 0.127026 0.38882 1 P 0
L 0.128996 0.36851 0.128996 0.39079 1 P 0
L 0.130966 0.36654 0.130966 0.39276 1 P 0
L 0.132926 0.36457 0.132926 0.39472 1 P 0
L 0.134896 0.36271 0.134896 0.39669 1 P 0
L 0.136866 0.36468 0.136866 0.39866 1 P 0
L 0.138836 0.36664 0.138836 0.40063 1 P 0
L 0.140806 0.36861 0.140806 0.39917 1 P 0
L 0.142776 0.37058 0.142776 0.3972 1 P 0
L 0.144746 0.37255 0.144746 0.39523 1 P 0
L 0.146706 0.37452 0.146706 0.39326 1 P 0
L 0.148676 0.37649 0.148676 0.39129 1 P 0
L 0.150646 0.37846 0.150646 0.38933 1 P 0
L 0.152616 0.38042 0.152616 0.38736 1 P 0
L 0.154586 0.38239 0.154586 0.38539 1 P 0
L 0.250566 0.35206 0.268726 0.3339 1 P 0
L 0.268726 0.3339 0.286886 0.35206 1 P 0
L 0.286886 0.35206 0.268726 0.37022 1 P 0
L 0.268726 0.37022 0.250566 0.35206 1 P 0
L 0.267045 0.33558 0.270406 0.33558 1 P 0
L 0.265075 0.33755 0.272376 0.33755 1 P 0
L 0.263105 0.33952 0.274346 0.33952 1 P 0
L 0.261135 0.34149 0.276315 0.34149 1 P 0
L 0.259176 0.34346 0.278285 0.34346 1 P 0
L 0.257206 0.34542 0.280255 0.34542 1 P 0
L 0.255236 0.34739 0.282225 0.34739 1 P 0
L 0.253266 0.34936 0.284186 0.34936 1 P 0
L 0.251296 0.35133 0.286156 0.35133 1 P 0
L 0.251806 0.3533 0.285656 0.3533 1 P 0
L 0.253776 0.35527 0.283686 0.35527 1 P 0
L 0.255735 0.35724 0.281716 0.35724 1 P 0
L 0.257706 0.3592 0.279746 0.3592 1 P 0
L 0.259676 0.36117 0.277776 0.36117 1 P 0
L 0.261646 0.36314 0.275806 0.36314 1 P 0
L 0.263616 0.36511 0.273846 0.36511 1 P 0
L 0.265586 0.36708 0.271876 0.36708 1 P 0
L 0.267546 0.36905 0.269906 0.36905 1 P 0
L 0.251045 0.35159 0.251045 0.35254 1 P 0
L 0.253006 0.34962 0.253006 0.35451 1 P 0
L 0.254976 0.34765 0.254976 0.35647 1 P 0
L 0.256946 0.34568 0.256946 0.35844 1 P 0
L 0.258916 0.34371 0.258916 0.36041 1 P 0
L 0.260886 0.34174 0.260886 0.36238 1 P 0
L 0.262856 0.33978 0.262856 0.36435 1 P 0
L 0.264815 0.33781 0.264815 0.36632 1 P 0
L 0.266785 0.33584 0.266785 0.36829 1 P 0
L 0.268756 0.33393 0.268756 0.37019 1 P 0
L 0.270726 0.3359 0.270726 0.36823 1 P 0
L 0.272696 0.33787 0.272696 0.36626 1 P 0
L 0.274666 0.33984 0.274666 0.36429 1 P 0
L 0.276636 0.3418 0.276636 0.36232 1 P 0
L 0.278596 0.34377 0.278596 0.36035 1 P 0
L 0.280566 0.34574 0.280566 0.35838 1 P 0
L 0.282536 0.34771 0.282536 0.35641 1 P 0
L 0.284506 0.34968 0.284506 0.35445 1 P 0
L 0.286476 0.35165 0.286476 0.35248 1 P 0
L 0.221336 0.32283 0.239496 0.30467 1 P 0
L 0.239496 0.30467 0.257656 0.32283 1 P 0
L 0.257656 0.32283 0.239496 0.34099 1 P 0
L 0.239496 0.34099 0.221336 0.32283 1 P 0
L 0.238116 0.30605 0.240885 0.30605 1 P 0
L 0.236145 0.30802 0.242855 0.30802 1 P 0
L 0.234175 0.30999 0.244816 0.30999 1 P 0
L 0.232205 0.31196 0.246786 0.31196 1 P 0
L 0.230235 0.31393 0.248756 0.31393 1 P 0
L 0.228265 0.3159 0.250726 0.3159 1 P 0
L 0.226295 0.31787 0.252696 0.31787 1 P 0
L 0.224336 0.31983 0.254666 0.31983 1 P 0
L 0.222366 0.3218 0.256626 0.3218 1 P 0
L 0.222276 0.32377 0.256716 0.32377 1 P 0
L 0.224246 0.32574 0.254746 0.32574 1 P 0
L 0.226216 0.32771 0.252786 0.32771 1 P 0
L 0.228176 0.32968 0.250816 0.32968 1 P 0
L 0.230146 0.33165 0.248846 0.33165 1 P 0
L 0.232116 0.33361 0.246876 0.33361 1 P 0
L 0.234085 0.33558 0.244906 0.33558 1 P 0
L 0.236055 0.33755 0.242936 0.33755 1 P 0
L 0.238025 0.33952 0.240966 0.33952 1 P 0
L 0.221516 0.32265 0.221516 0.32301 1 P 0
L 0.223486 0.32068 0.223486 0.32498 1 P 0
L 0.225446 0.31872 0.225446 0.32695 1 P 0
L 0.227416 0.31675 0.227416 0.32892 1 P 0
L 0.229386 0.31478 0.229386 0.33088 1 P 0
L 0.231356 0.31281 0.231356 0.33285 1 P 0
L 0.233326 0.31084 0.233326 0.33482 1 P 0
L 0.235296 0.30887 0.235296 0.33679 1 P 0
L 0.237266 0.3069 0.237266 0.33876 1 P 0
L 0.239226 0.30494 0.239226 0.34073 1 P 0
L 0.241196 0.30637 0.241196 0.33929 1 P 0
L 0.243165 0.30834 0.243165 0.33732 1 P 0
L 0.245135 0.31031 0.245135 0.33535 1 P 0
L 0.247105 0.31228 0.247105 0.33339 1 P 0
L 0.249075 0.31424 0.249075 0.33142 1 P 0
L 0.251045 0.31621 0.251045 0.32945 1 P 0
L 0.253006 0.31818 0.253006 0.32748 1 P 0
L 0.254976 0.32015 0.254976 0.32551 1 P 0
L 0.256946 0.32212 0.256946 0.32354 1 P 0
L 0.193495 0.37851 0.211655 0.36035 1 P 0
L 0.211655 0.36035 0.229815 0.37851 1 P 0
L 0.229815 0.37851 0.211655 0.39667 1 P 0
L 0.211655 0.39667 0.193495 0.37851 1 P 0
L 0.210835 0.36117 0.212486 0.36117 1 P 0
L 0.208865 0.36314 0.214456 0.36314 1 P 0
L 0.206896 0.36511 0.216426 0.36511 1 P 0
L 0.204926 0.36708 0.218385 0.36708 1 P 0
L 0.202956 0.36905 0.220356 0.36905 1 P 0
L 0.200986 0.37102 0.222326 0.37102 1 P 0
L 0.199016 0.37298 0.224296 0.37298 1 P 0
L 0.197056 0.37495 0.226266 0.37495 1 P 0
L 0.195086 0.37692 0.228236 0.37692 1 P 0
L 0.193876 0.37889 0.229435 0.37889 1 P 0
L 0.195846 0.38086 0.227465 0.38086 1 P 0
L 0.197815 0.38283 0.225506 0.38283 1 P 0
L 0.199785 0.38479 0.223536 0.38479 1 P 0
L 0.201746 0.38676 0.221566 0.38676 1 P 0
L 0.203716 0.38873 0.219596 0.38873 1 P 0
L 0.205686 0.3907 0.217626 0.3907 1 P 0
L 0.207656 0.39267 0.215656 0.39267 1 P 0
L 0.209626 0.39464 0.213695 0.39464 1 P 0
L 0.211596 0.39661 0.211725 0.39661 1 P 0
L 0.193956 0.37805 0.193956 0.37897 1 P 0
L 0.195926 0.37608 0.195926 0.38094 1 P 0
L 0.197896 0.37411 0.197896 0.3829 1 P 0
L 0.199855 0.37214 0.199855 0.38487 1 P 0
L 0.201825 0.37018 0.201825 0.38684 1 P 0
L 0.203795 0.36821 0.203795 0.38881 1 P 0
L 0.205765 0.36624 0.205765 0.39078 1 P 0
L 0.207735 0.36427 0.207735 0.39275 1 P 0
L 0.209705 0.3623 0.209705 0.39472 1 P 0
L 0.211675 0.36036 0.211675 0.39666 1 P 0
L 0.213636 0.36233 0.213636 0.39469 1 P 0
L 0.215606 0.3643 0.215606 0.39272 1 P 0
L 0.217576 0.36626 0.217576 0.39075 1 P 0
L 0.219546 0.36823 0.219546 0.38878 1 P 0
L 0.221516 0.3702 0.221516 0.38682 1 P 0
L 0.223486 0.37217 0.223486 0.38485 1 P 0
L 0.225446 0.37414 0.225446 0.38288 1 P 0
L 0.227416 0.37611 0.227416 0.38091 1 P 0
L 0.229386 0.37808 0.229386 0.37894 1 P 0
L 0.396256 0.34511 0.378096 0.32695 1 P 0
L 0.378096 0.32695 0.396256 0.30879 1 P 0
L 0.396256 0.30879 0.414426 0.32695 1 P 0
L 0.414426 0.32695 0.396256 0.34511 1 P 0
L 0.395056 0.30999 0.397466 0.30999 1 P 0
L 0.393086 0.31196 0.399436 0.31196 1 P 0
L 0.391116 0.31393 0.401396 0.31393 1 P 0
L 0.389156 0.3159 0.403366 0.3159 1 P 0
L 0.387186 0.31787 0.405336 0.31787 1 P 0
L 0.385216 0.31983 0.407306 0.31983 1 P 0
L 0.383245 0.3218 0.409276 0.3218 1 P 0
L 0.381275 0.32377 0.411246 0.32377 1 P 0
L 0.379305 0.32574 0.413216 0.32574 1 P 0
L 0.378856 0.32771 0.413666 0.32771 1 P 0
L 0.380826 0.32968 0.411696 0.32968 1 P 0
L 0.382796 0.33165 0.409726 0.33165 1 P 0
L 0.384766 0.33361 0.407756 0.33361 1 P 0
L 0.386726 0.33558 0.405796 0.33558 1 P 0
L 0.388696 0.33755 0.403826 0.33755 1 P 0
L 0.390666 0.33952 0.401856 0.33952 1 P 0
L 0.392636 0.34149 0.399886 0.34149 1 P 0
L 0.394606 0.34346 0.397916 0.34346 1 P 0
L 0.378996 0.32606 0.378996 0.32785 1 P 0
L 0.380966 0.32409 0.380966 0.32981 1 P 0
L 0.382926 0.32212 0.382926 0.33178 1 P 0
L 0.384896 0.32015 0.384896 0.33375 1 P 0
L 0.386866 0.31818 0.386866 0.33572 1 P 0
L 0.388836 0.31621 0.388836 0.33769 1 P 0
L 0.390806 0.31424 0.390806 0.33966 1 P 0
L 0.392776 0.31228 0.392776 0.34163 1 P 0
L 0.394746 0.31031 0.394746 0.34359 1 P 0
L 0.396706 0.30924 0.396706 0.34466 1 P 0
L 0.398676 0.31121 0.398676 0.34269 1 P 0
L 0.400646 0.31318 0.400646 0.34073 1 P 0
L 0.402616 0.31514 0.402616 0.33876 1 P 0
L 0.404586 0.31711 0.404586 0.33679 1 P 0
L 0.406556 0.31908 0.406556 0.33482 1 P 0
L 0.408526 0.32105 0.408526 0.33285 1 P 0
L 0.410486 0.32302 0.410486 0.33088 1 P 0
L 0.412456 0.32499 0.412456 0.32892 1 P 0
L 0.367026 0.37434 0.348866 0.35618 1 P 0
L 0.348866 0.35618 0.367026 0.33802 1 P 0
L 0.367026 0.33802 0.385195 0.35618 1 P 0
L 0.385195 0.35618 0.367026 0.37434 1 P 0
L 0.365526 0.33952 0.368526 0.33952 1 P 0
L 0.363565 0.34149 0.370496 0.34149 1 P 0
L 0.361595 0.34346 0.372466 0.34346 1 P 0
L 0.359625 0.34542 0.374436 0.34542 1 P 0
L 0.357656 0.34739 0.376406 0.34739 1 P 0
L 0.355686 0.34936 0.378376 0.34936 1 P 0
L 0.353716 0.35133 0.380336 0.35133 1 P 0
L 0.351746 0.3533 0.382306 0.3533 1 P 0
L 0.349786 0.35527 0.384276 0.35527 1 P 0
L 0.349926 0.35724 0.384136 0.35724 1 P 0
L 0.351886 0.3592 0.382166 0.3592 1 P 0
L 0.353856 0.36117 0.380195 0.36117 1 P 0
L 0.355826 0.36314 0.378236 0.36314 1 P 0
L 0.357795 0.36511 0.376266 0.36511 1 P 0
L 0.359765 0.36708 0.374296 0.36708 1 P 0
L 0.361735 0.36905 0.372326 0.36905 1 P 0
L 0.363705 0.37102 0.370356 0.37102 1 P 0
L 0.365666 0.37298 0.368386 0.37298 1 P 0
L 0.349465 0.35558 0.349465 0.35678 1 P 0
L 0.351435 0.35361 0.351435 0.35875 1 P 0
L 0.353405 0.35165 0.353405 0.36072 1 P 0
L 0.355375 0.34968 0.355375 0.36269 1 P 0
L 0.357336 0.34771 0.357336 0.36465 1 P 0
L 0.359306 0.34574 0.359306 0.36662 1 P 0
L 0.361276 0.34377 0.361276 0.36859 1 P 0
L 0.363246 0.3418 0.363246 0.37056 1 P 0
L 0.365216 0.33984 0.365216 0.37253 1 P 0
L 0.367186 0.33817 0.367186 0.37419 1 P 0
L 0.369156 0.34014 0.369156 0.37222 1 P 0
L 0.371116 0.34211 0.371116 0.37025 1 P 0
L 0.373086 0.34408 0.373086 0.36829 1 P 0
L 0.375056 0.34605 0.375056 0.36632 1 P 0
L 0.377026 0.34801 0.377026 0.36435 1 P 0
L 0.378996 0.34998 0.378996 0.36238 1 P 0
L 0.380966 0.35195 0.380966 0.36041 1 P 0
L 0.382926 0.35392 0.382926 0.35844 1 P 0
L 0.384896 0.35589 0.384896 0.35647 1 P 0
L 0.422706 0.40218 0.404546 0.38402 1 P 0
L 0.404546 0.38402 0.422706 0.36586 1 P 0
L 0.422706 0.36586 0.440866 0.38402 1 P 0
L 0.440866 0.38402 0.422706 0.40218 1 P 0
L 0.421486 0.36708 0.423926 0.36708 1 P 0
L 0.419516 0.36905 0.425896 0.36905 1 P 0
L 0.417546 0.37102 0.427866 0.37102 1 P 0
L 0.415586 0.37298 0.429836 0.37298 1 P 0
L 0.413616 0.37495 0.431806 0.37495 1 P 0
L 0.411646 0.37692 0.433766 0.37692 1 P 0
L 0.409676 0.37889 0.435736 0.37889 1 P 0
L 0.407706 0.38086 0.437706 0.38086 1 P 0
L 0.405736 0.38283 0.439676 0.38283 1 P 0
L 0.405316 0.38479 0.440096 0.38479 1 P 0
L 0.407286 0.38676 0.438126 0.38676 1 P 0
L 0.409256 0.38873 0.436156 0.38873 1 P 0
L 0.411226 0.3907 0.434186 0.3907 1 P 0
L 0.413196 0.39267 0.432226 0.39267 1 P 0
L 0.415166 0.39464 0.430256 0.39464 1 P 0
L 0.417136 0.39661 0.428286 0.39661 1 P 0
L 0.419096 0.39857 0.426316 0.39857 1 P 0
L 0.421066 0.40054 0.424346 0.40054 1 P 0
L 0.404586 0.38398 0.404586 0.38406 1 P 0
L 0.406556 0.38201 0.406556 0.38603 1 P 0
L 0.408526 0.38004 0.408526 0.388 1 P 0
L 0.410486 0.37808 0.410486 0.38996 1 P 0
L 0.412456 0.37611 0.412456 0.39193 1 P 0
L 0.414426 0.37414 0.414426 0.3939 1 P 0
L 0.416396 0.37217 0.416396 0.39587 1 P 0
L 0.418366 0.3702 0.418366 0.39784 1 P 0
L 0.420336 0.36823 0.420336 0.39981 1 P 0
L 0.422296 0.36626 0.422296 0.40178 1 P 0
L 0.424266 0.36742 0.424266 0.40062 1 P 0
L 0.426236 0.36939 0.426236 0.39865 1 P 0
L 0.428206 0.37136 0.428206 0.39668 1 P 0
L 0.430176 0.37333 0.430176 0.39472 1 P 0
L 0.432146 0.37529 0.432146 0.39275 1 P 0
L 0.434116 0.37726 0.434116 0.39078 1 P 0
L 0.436076 0.37923 0.436076 0.38881 1 P 0
L 0.438046 0.3812 0.438046 0.38684 1 P 0
L 0.440016 0.38317 0.440016 0.38487 1 P 0
P 0.428556 0.48784 2 P 0 0
P 0.318556 0.48784 2 P 0 0
P 0.198556 0.48784 2 P 0 0
