#
#Feature symbol names
#
$0 r43.31
$1 r10
$2 r20
$3 r19.68
$4 r1.97

#
#Feature attribute names
#
#
#Layer features
#
P 0.428556 0.48784 0 P 0 0
P 0.318556 0.48784 0 P 0 0
P 0.198556 0.48784 0 P 0 0
L 0.155116 0.32283 0.155116 0.36362 1 P 0
L 0.155116 0.36362 0.151996 0.36674 1 P 0
L 0.151996 0.36674 0.136966 0.38177 1 P 0
L 0.396256 0.32695 0.414396 0.30881 1 P 0
L 0.414396 0.30881 0.465216 0.30881 1 P 0
L 0.465216 0.30881 0.499906 0.34351 1 P 0
L 0.499906 0.34351 0.499906 0.37877 1 P 0
L 0.420466 0.16174 0.250936 0.16174 1 P 0
L 0.250936 0.16174 0.137116 0.27556 1 P 0
L 0.137116 0.27556 0.137116 0.33056 1 P 0
L 0.137116 0.33056 0.102416 0.36526 1 P 0
L 0.102416 0.36526 0.102416 0.38931 1 P 0
L 0.102416 0.38931 0.122506 0.40939 1 P 0
L 0.122506 0.40939 0.142786 0.42968 1 P 0
L 0.142786 0.42968 0.156156 0.42968 1 P 0
L 0.420466 0.16174 0.464836 0.20611 1 P 0
L 0.464836 0.20611 0.510936 0.25221 1 P 0
L 0.510936 0.25221 0.510936 0.36774 1 P 0
L 0.510936 0.36774 0.501406 0.37728 1 P 0
L 0.331936 0.18474 0.332936 0.18374 1 P 0
L 0.332936 0.18374 0.333935 0.18474 1 P 0
L 0.333935 0.18474 0.331936 0.18474 1 P 0
L 0.331936 0.18474 0.257936 0.18474 1 P 0
L 0.257936 0.18474 0.155116 0.28756 1 P 0
L 0.155116 0.28756 0.155116 0.32283 1 P 0
L 0.333935 0.18474 0.397936 0.18474 1 P 0
L 0.397936 0.18474 0.480936 0.26774 1 P 0
L 0.355936 0.24774 0.233766 0.24774 1 P 0
L 0.233766 0.24774 0.182146 0.29936 1 P 0
L 0.239496 0.32283 0.155116 0.32283 1 P 0
L 0.170326 0.41568 0.168926 0.41708 1 P 0
L 0.168926 0.41708 0.168756 0.41708 1 P 0
L 0.168756 0.41708 0.156156 0.42968 1 P 0
L 0.170326 0.41568 0.170886 0.41568 1 P 0
L 0.170886 0.41568 0.170906 0.41571 1 P 0
L 0.182146 0.35054 0.212066 0.35054 1 P 0
L 0.212066 0.35054 0.225846 0.36432 1 P 0
L 0.225846 0.36432 0.211655 0.37851 1 P 0
L 0.170906 0.41571 0.189226 0.43403 1 P 0
L 0.189226 0.43403 0.231356 0.43403 1 P 0
L 0.367026 0.35618 0.354186 0.36902 1 P 0
L 0.354186 0.36902 0.354186 0.39937 1 P 0
L 0.354186 0.39937 0.393556 0.43874 1 P 0
L 0.393556 0.43874 0.437936 0.43874 1 P 0
L 0.501406 0.37728 0.501406 0.3702 1 P 0
L 0.501406 0.3702 0.499906 0.37877 1 P 0
L 0.501406 0.37728 0.499906 0.37877 1 P 0
L 0.451936 0.35974 0.451296 0.36039 1 P 0
L 0.451296 0.36039 0.446346 0.36039 1 P 0
L 0.446346 0.36039 0.422706 0.38402 1 P 0
L 0.268726 0.35206 0.269885 0.35206 1 P 0
L 0.269885 0.35206 0.275056 0.35724 1 P 0
L 0.275056 0.35724 0.275056 0.39033 1 P 0
L 0.275056 0.39033 0.231356 0.43403 1 P 0
L 0.465966 0.41271 0.463456 0.41323 1 P 0
L 0.463456 0.41323 0.437936 0.43874 1 P 0
L 0.465966 0.41271 0.480936 0.42874 1 P 0
P 0.464836 0.20611 2 P 0 0
P 0.331936 0.18474 2 P 0 0
P 0.355936 0.24774 2 P 0 0
P 0.182146 0.29936 3 P 0 0
P 0.480936 0.26774 3 P 0 0
P 0.182146 0.35054 3 P 0 0
P 0.480936 0.42874 3 P 0 0
P 0.451936 0.35974 3 P 0 0
L 0.485036 0.38089 0.502026 0.3639 4 P 0
L 0.502026 0.3639 0.514776 0.37665 4 P 0
L 0.514776 0.37665 0.497786 0.39364 4 P 0
L 0.497786 0.39364 0.485036 0.38089 4 P 0
L 0.500816 0.36511 0.503246 0.36511 4 P 0
L 0.498846 0.36708 0.505216 0.36708 4 P 0
L 0.496886 0.36905 0.507176 0.36905 4 P 0
L 0.494916 0.37102 0.509146 0.37102 4 P 0
L 0.492946 0.37298 0.511116 0.37298 4 P 0
L 0.490976 0.37495 0.513086 0.37495 4 P 0
L 0.489006 0.37692 0.514506 0.37692 4 P 0
L 0.487036 0.37889 0.512536 0.37889 4 P 0
L 0.485066 0.38086 0.510566 0.38086 4 P 0
L 0.486976 0.38283 0.508606 0.38283 4 P 0
L 0.488946 0.38479 0.506636 0.38479 4 P 0
L 0.490906 0.38676 0.504666 0.38676 4 P 0
L 0.492876 0.38873 0.502696 0.38873 4 P 0
L 0.494846 0.3907 0.500726 0.3907 4 P 0
L 0.496816 0.39267 0.498756 0.39267 4 P 0
L 0.485296 0.38064 0.485296 0.38115 4 P 0
L 0.487266 0.37867 0.487266 0.38311 4 P 0
L 0.489226 0.3767 0.489226 0.38508 4 P 0
L 0.491196 0.37473 0.491196 0.38705 4 P 0
L 0.493166 0.37276 0.493166 0.38902 4 P 0
L 0.495136 0.37079 0.495136 0.39099 4 P 0
L 0.497106 0.36882 0.497106 0.39296 4 P 0
L 0.499076 0.36686 0.499076 0.39236 4 P 0
L 0.501046 0.36489 0.501046 0.39039 4 P 0
L 0.503006 0.36488 0.503006 0.38842 4 P 0
L 0.504976 0.36685 0.504976 0.38645 4 P 0
L 0.506946 0.36881 0.506946 0.38448 4 P 0
L 0.508916 0.37078 0.508916 0.38251 4 P 0
L 0.510886 0.37275 0.510886 0.38054 4 P 0
L 0.512856 0.37472 0.512856 0.37858 4 P 0
L 0.451096 0.41483 0.468086 0.39784 4 P 0
L 0.468086 0.39784 0.480836 0.41059 4 P 0
L 0.480836 0.41059 0.463846 0.42758 4 P 0
L 0.463846 0.42758 0.451096 0.41483 4 P 0
L 0.467356 0.39857 0.468826 0.39857 4 P 0
L 0.465386 0.40054 0.470796 0.40054 4 P 0
L 0.463416 0.40251 0.472766 0.40251 4 P 0
L 0.461446 0.40448 0.474726 0.40448 4 P 0
L 0.459476 0.40645 0.476696 0.40645 4 P 0
L 0.457516 0.40842 0.478666 0.40842 4 P 0
L 0.455546 0.41039 0.480636 0.41039 4 P 0
L 0.453576 0.41235 0.479076 0.41235 4 P 0
L 0.451606 0.41432 0.477106 0.41432 4 P 0
L 0.452556 0.41629 0.475136 0.41629 4 P 0
L 0.454526 0.41826 0.473166 0.41826 4 P 0
L 0.456496 0.42023 0.471196 0.42023 4 P 0
L 0.458466 0.4222 0.469236 0.4222 4 P 0
L 0.460426 0.42416 0.467266 0.42416 4 P 0
L 0.462396 0.42613 0.465296 0.42613 4 P 0
L 0.451826 0.4141 0.451826 0.41556 4 P 0
L 0.453796 0.41213 0.453796 0.41753 4 P 0
L 0.455766 0.41016 0.455766 0.4195 4 P 0
L 0.457736 0.40819 0.457736 0.42147 4 P 0
L 0.459706 0.40623 0.459706 0.42344 4 P 0
L 0.461676 0.40426 0.461676 0.42541 4 P 0
L 0.463636 0.40229 0.463636 0.42737 4 P 0
L 0.465606 0.40032 0.465606 0.42582 4 P 0
L 0.467576 0.39835 0.467576 0.42385 4 P 0
L 0.469546 0.39929 0.469546 0.42188 4 P 0
L 0.471516 0.40126 0.471516 0.41991 4 P 0
L 0.473486 0.40323 0.473486 0.41795 4 P 0
L 0.475446 0.4052 0.475446 0.41598 4 P 0
L 0.477416 0.40717 0.477416 0.41401 4 P 0
L 0.479386 0.40914 0.479386 0.41204 4 P 0
L 0.168786 0.40084 0.185776 0.41783 4 P 0
L 0.185776 0.41783 0.173026 0.43058 4 P 0
L 0.173026 0.43058 0.156036 0.41359 4 P 0
L 0.156036 0.41359 0.168786 0.40084 4 P 0
L 0.167116 0.40251 0.170456 0.40251 4 P 0
L 0.165146 0.40448 0.172426 0.40448 4 P 0
L 0.163176 0.40645 0.174396 0.40645 4 P 0
L 0.161206 0.40842 0.176366 0.40842 4 P 0
L 0.159246 0.41039 0.178336 0.41039 4 P 0
L 0.157276 0.41235 0.180306 0.41235 4 P 0
L 0.156776 0.41432 0.182276 0.41432 4 P 0
L 0.158736 0.41629 0.184236 0.41629 4 P 0
L 0.160706 0.41826 0.185356 0.41826 4 P 0
L 0.162676 0.42023 0.183386 0.42023 4 P 0
L 0.164646 0.4222 0.181416 0.4222 4 P 0
L 0.166616 0.42416 0.179446 0.42416 4 P 0
L 0.168586 0.42613 0.177476 0.42613 4 P 0
L 0.170546 0.4281 0.175506 0.4281 4 P 0
L 0.172516 0.43007 0.173546 0.43007 4 P 0
L 0.156556 0.41307 0.156556 0.4141 4 P 0
L 0.158526 0.41111 0.158526 0.41607 4 P 0
L 0.160486 0.40914 0.160486 0.41804 4 P 0
L 0.162456 0.40717 0.162456 0.42001 4 P 0
L 0.164426 0.4052 0.164426 0.42198 4 P 0
L 0.166396 0.40323 0.166396 0.42395 4 P 0
L 0.168366 0.40126 0.168366 0.42592 4 P 0
L 0.170336 0.40238 0.170336 0.42788 4 P 0
L 0.172296 0.40435 0.172296 0.42985 4 P 0
L 0.174266 0.40632 0.174266 0.42934 4 P 0
L 0.176236 0.40829 0.176236 0.42737 4 P 0
L 0.178206 0.41026 0.178206 0.42541 4 P 0
L 0.180176 0.41223 0.180176 0.42344 4 P 0
L 0.182146 0.41419 0.182146 0.42147 4 P 0
L 0.184116 0.41616 0.184116 0.4195 4 P 0
L 0.134846 0.3669 0.151836 0.38389 4 P 0
L 0.151836 0.38389 0.139086 0.39664 4 P 0
L 0.139086 0.39664 0.122096 0.37965 4 P 0
L 0.122096 0.37965 0.134846 0.3669 4 P 0
L 0.134666 0.36708 0.135026 0.36708 4 P 0
L 0.132696 0.36905 0.136996 0.36905 4 P 0
L 0.130726 0.37102 0.138966 0.37102 4 P 0
L 0.128756 0.37298 0.140936 0.37298 4 P 0
L 0.126796 0.37495 0.142906 0.37495 4 P 0
L 0.124826 0.37692 0.144866 0.37692 4 P 0
L 0.122856 0.37889 0.146836 0.37889 4 P 0
L 0.123306 0.38086 0.148806 0.38086 4 P 0
L 0.125276 0.38283 0.150776 0.38283 4 P 0
L 0.127246 0.38479 0.150936 0.38479 4 P 0
L 0.129216 0.38676 0.148966 0.38676 4 P 0
L 0.131176 0.38873 0.146996 0.38873 4 P 0
L 0.133146 0.3907 0.145026 0.3907 4 P 0
L 0.135116 0.39267 0.143066 0.39267 4 P 0
L 0.137086 0.39464 0.141096 0.39464 4 P 0
L 0.139056 0.39661 0.139126 0.39661 4 P 0
L 0.123086 0.37866 0.123086 0.38064 4 P 0
L 0.125056 0.37669 0.125056 0.38261 4 P 0
L 0.127026 0.37472 0.127026 0.38458 4 P 0
L 0.128996 0.37275 0.128996 0.38654 4 P 0
L 0.130966 0.37078 0.130966 0.38851 4 P 0
L 0.132926 0.36881 0.132926 0.39048 4 P 0
L 0.134896 0.36695 0.134896 0.39245 4 P 0
L 0.136866 0.36892 0.136866 0.39442 4 P 0
L 0.138836 0.37089 0.138836 0.39639 4 P 0
L 0.140806 0.37286 0.140806 0.39492 4 P 0
L 0.142776 0.37482 0.142776 0.39296 4 P 0
L 0.144746 0.37679 0.144746 0.39099 4 P 0
L 0.146706 0.37876 0.146706 0.38902 4 P 0
L 0.148676 0.38073 0.148676 0.38705 4 P 0
L 0.150646 0.3827 0.150646 0.38508 4 P 0
L 0.254806 0.35206 0.268726 0.33814 4 P 0
L 0.268726 0.33814 0.282645 0.35206 4 P 0
L 0.282645 0.35206 0.268726 0.36598 4 P 0
L 0.268726 0.36598 0.254806 0.35206 4 P 0
L 0.267346 0.33952 0.270106 0.33952 4 P 0
L 0.265386 0.34149 0.272076 0.34149 4 P 0
L 0.263416 0.34346 0.274046 0.34346 4 P 0
L 0.261446 0.34542 0.276005 0.34542 4 P 0
L 0.259476 0.34739 0.277976 0.34739 4 P 0
L 0.257506 0.34936 0.279946 0.34936 4 P 0
L 0.255536 0.35133 0.281916 0.35133 4 P 0
L 0.256045 0.3533 0.281405 0.3533 4 P 0
L 0.258015 0.35527 0.279446 0.35527 4 P 0
L 0.259985 0.35724 0.277476 0.35724 4 P 0
L 0.261946 0.3592 0.275506 0.3592 4 P 0
L 0.263916 0.36117 0.273536 0.36117 4 P 0
L 0.265886 0.36314 0.271566 0.36314 4 P 0
L 0.267856 0.36511 0.269596 0.36511 4 P 0
L 0.254976 0.35189 0.254976 0.35223 4 P 0
L 0.256946 0.34992 0.256946 0.3542 4 P 0
L 0.258916 0.34795 0.258916 0.35617 4 P 0
L 0.260886 0.34599 0.260886 0.35814 4 P 0
L 0.262856 0.34402 0.262856 0.36011 4 P 0
L 0.264815 0.34205 0.264815 0.36207 4 P 0
L 0.266785 0.34008 0.266785 0.36404 4 P 0
L 0.268756 0.33817 0.268756 0.36595 4 P 0
L 0.270726 0.34014 0.270726 0.36398 4 P 0
L 0.272696 0.34211 0.272696 0.36201 4 P 0
L 0.274666 0.34408 0.274666 0.36005 4 P 0
L 0.276636 0.34605 0.276636 0.35808 4 P 0
L 0.278596 0.34801 0.278596 0.35611 4 P 0
L 0.280566 0.34998 0.280566 0.35414 4 P 0
L 0.282536 0.35195 0.282536 0.35217 4 P 0
L 0.225576 0.32283 0.239496 0.30891 4 P 0
L 0.239496 0.30891 0.253415 0.32283 4 P 0
L 0.253415 0.32283 0.239496 0.33675 4 P 0
L 0.239496 0.33675 0.225576 0.32283 4 P 0
L 0.238416 0.30999 0.240576 0.30999 4 P 0
L 0.236446 0.31196 0.242546 0.31196 4 P 0
L 0.234476 0.31393 0.244516 0.31393 4 P 0
L 0.232516 0.3159 0.246486 0.3159 4 P 0
L 0.230546 0.31787 0.248456 0.31787 4 P 0
L 0.228576 0.31983 0.250416 0.31983 4 P 0
L 0.226606 0.3218 0.252385 0.3218 4 P 0
L 0.226516 0.32377 0.252475 0.32377 4 P 0
L 0.228486 0.32574 0.250505 0.32574 4 P 0
L 0.230456 0.32771 0.248535 0.32771 4 P 0
L 0.232426 0.32968 0.246565 0.32968 4 P 0
L 0.234396 0.33165 0.244606 0.33165 4 P 0
L 0.236356 0.33361 0.242636 0.33361 4 P 0
L 0.238326 0.33558 0.240666 0.33558 4 P 0
L 0.227416 0.32099 0.227416 0.32467 4 P 0
L 0.229386 0.31902 0.229386 0.32664 4 P 0
L 0.231356 0.31705 0.231356 0.32861 4 P 0
L 0.233326 0.31508 0.233326 0.33058 4 P 0
L 0.235296 0.31312 0.235296 0.33255 4 P 0
L 0.237266 0.31115 0.237266 0.33451 4 P 0
L 0.239226 0.30918 0.239226 0.33648 4 P 0
L 0.241196 0.31061 0.241196 0.33505 4 P 0
L 0.243165 0.31258 0.243165 0.33308 4 P 0
L 0.245135 0.31455 0.245135 0.33111 4 P 0
L 0.247105 0.31652 0.247105 0.32914 4 P 0
L 0.249075 0.31849 0.249075 0.32717 4 P 0
L 0.251045 0.32046 0.251045 0.32521 4 P 0
L 0.253006 0.32242 0.253006 0.32324 4 P 0
L 0.197736 0.37851 0.211655 0.36459 4 P 0
L 0.211655 0.36459 0.225576 0.37851 4 P 0
L 0.225576 0.37851 0.211655 0.39243 4 P 0
L 0.211655 0.39243 0.197736 0.37851 4 P 0
L 0.211136 0.36511 0.212176 0.36511 4 P 0
L 0.209165 0.36708 0.214146 0.36708 4 P 0
L 0.207195 0.36905 0.216116 0.36905 4 P 0
L 0.205236 0.37102 0.218085 0.37102 4 P 0
L 0.203266 0.37298 0.220055 0.37298 4 P 0
L 0.201296 0.37495 0.222025 0.37495 4 P 0
L 0.199326 0.37692 0.223986 0.37692 4 P 0
L 0.198115 0.37889 0.225196 0.37889 4 P 0
L 0.200086 0.38086 0.223226 0.38086 4 P 0
L 0.202056 0.38283 0.221256 0.38283 4 P 0
L 0.204026 0.38479 0.219296 0.38479 4 P 0
L 0.205996 0.38676 0.217326 0.38676 4 P 0
L 0.207966 0.38873 0.215356 0.38873 4 P 0
L 0.209926 0.3907 0.213386 0.3907 4 P 0
L 0.197896 0.37836 0.197896 0.37866 4 P 0
L 0.199855 0.37639 0.199855 0.38063 4 P 0
L 0.201825 0.37442 0.201825 0.3826 4 P 0
L 0.203795 0.37245 0.203795 0.38457 4 P 0
L 0.205765 0.37048 0.205765 0.38654 4 P 0
L 0.207735 0.36851 0.207735 0.3885 4 P 0
L 0.209705 0.36654 0.209705 0.39047 4 P 0
L 0.211675 0.3646 0.211675 0.39241 4 P 0
L 0.213636 0.36657 0.213636 0.39045 4 P 0
L 0.215606 0.36854 0.215606 0.38848 4 P 0
L 0.217576 0.37051 0.217576 0.38651 4 P 0
L 0.219546 0.37248 0.219546 0.38454 4 P 0
L 0.221516 0.37444 0.221516 0.38257 4 P 0
L 0.223486 0.37641 0.223486 0.3806 4 P 0
L 0.225446 0.37838 0.225446 0.37864 4 P 0
L 0.396256 0.34087 0.382346 0.32695 4 P 0
L 0.382346 0.32695 0.396256 0.31303 4 P 0
L 0.396256 0.31303 0.410176 0.32695 4 P 0
L 0.410176 0.32695 0.396256 0.34087 4 P 0
L 0.395366 0.31393 0.397156 0.31393 4 P 0
L 0.393396 0.3159 0.399126 0.3159 4 P 0
L 0.391426 0.31787 0.401096 0.31787 4 P 0
L 0.389456 0.31983 0.403066 0.31983 4 P 0
L 0.387486 0.3218 0.405036 0.3218 4 P 0
L 0.385516 0.32377 0.406996 0.32377 4 P 0
L 0.383555 0.32574 0.408966 0.32574 4 P 0
L 0.383096 0.32771 0.409426 0.32771 4 P 0
L 0.385066 0.32968 0.407456 0.32968 4 P 0
L 0.387036 0.33165 0.405486 0.33165 4 P 0
L 0.389006 0.33361 0.403516 0.33361 4 P 0
L 0.390976 0.33558 0.401546 0.33558 4 P 0
L 0.392946 0.33755 0.399576 0.33755 4 P 0
L 0.394906 0.33952 0.397616 0.33952 4 P 0
L 0.382926 0.32636 0.382926 0.32754 4 P 0
L 0.384896 0.32439 0.384896 0.32951 4 P 0
L 0.386866 0.32242 0.386866 0.33148 4 P 0
L 0.388836 0.32046 0.388836 0.33345 4 P 0
L 0.390806 0.31849 0.390806 0.33541 4 P 0
L 0.392776 0.31652 0.392776 0.33738 4 P 0
L 0.394746 0.31455 0.394746 0.33935 4 P 0
L 0.396706 0.31348 0.396706 0.34042 4 P 0
L 0.398676 0.31545 0.398676 0.33845 4 P 0
L 0.400646 0.31742 0.400646 0.33648 4 P 0
L 0.402616 0.31939 0.402616 0.33451 4 P 0
L 0.404586 0.32135 0.404586 0.33255 4 P 0
L 0.406556 0.32332 0.406556 0.33058 4 P 0
L 0.408526 0.32529 0.408526 0.32861 4 P 0
L 0.367026 0.3701 0.353106 0.35618 4 P 0
L 0.353106 0.35618 0.367026 0.34226 4 P 0
L 0.367026 0.34226 0.380946 0.35618 4 P 0
L 0.380946 0.35618 0.367026 0.3701 4 P 0
L 0.365836 0.34346 0.368226 0.34346 4 P 0
L 0.363866 0.34542 0.370196 0.34542 4 P 0
L 0.361896 0.34739 0.372166 0.34739 4 P 0
L 0.359925 0.34936 0.374126 0.34936 4 P 0
L 0.357966 0.35133 0.376096 0.35133 4 P 0
L 0.355996 0.3533 0.378065 0.3533 4 P 0
L 0.354026 0.35527 0.380035 0.35527 4 P 0
L 0.354166 0.35724 0.379895 0.35724 4 P 0
L 0.356136 0.3592 0.377926 0.3592 4 P 0
L 0.358106 0.36117 0.375956 0.36117 4 P 0
L 0.360066 0.36314 0.373986 0.36314 4 P 0
L 0.362036 0.36511 0.372026 0.36511 4 P 0
L 0.364006 0.36708 0.370056 0.36708 4 P 0
L 0.365976 0.36905 0.368086 0.36905 4 P 0
L 0.353405 0.35589 0.353405 0.35647 4 P 0
L 0.355375 0.35392 0.355375 0.35844 4 P 0
L 0.357336 0.35195 0.357336 0.36041 4 P 0
L 0.359306 0.34998 0.359306 0.36238 4 P 0
L 0.361276 0.34801 0.361276 0.36435 4 P 0
L 0.363246 0.34605 0.363246 0.36632 4 P 0
L 0.365216 0.34408 0.365216 0.36829 4 P 0
L 0.367186 0.34241 0.367186 0.36995 4 P 0
L 0.369156 0.34438 0.369156 0.36798 4 P 0
L 0.371116 0.34635 0.371116 0.36601 4 P 0
L 0.373086 0.34832 0.373086 0.36404 4 P 0
L 0.375056 0.35029 0.375056 0.36207 4 P 0
L 0.377026 0.35226 0.377026 0.36011 4 P 0
L 0.378996 0.35423 0.378996 0.35814 4 P 0
L 0.422706 0.39794 0.408786 0.38402 4 P 0
L 0.408786 0.38402 0.422706 0.3701 4 P 0
L 0.422706 0.3701 0.436626 0.38402 4 P 0
L 0.436626 0.38402 0.422706 0.39794 4 P 0
L 0.421796 0.37102 0.423626 0.37102 4 P 0
L 0.419826 0.37298 0.425586 0.37298 4 P 0
L 0.417856 0.37495 0.427556 0.37495 4 P 0
L 0.415886 0.37692 0.429526 0.37692 4 P 0
L 0.413916 0.37889 0.431496 0.37889 4 P 0
L 0.411946 0.38086 0.433466 0.38086 4 P 0
L 0.409986 0.38283 0.435436 0.38283 4 P 0
L 0.409566 0.38479 0.435856 0.38479 4 P 0
L 0.411536 0.38676 0.433886 0.38676 4 P 0
L 0.413496 0.38873 0.431916 0.38873 4 P 0
L 0.415466 0.3907 0.429946 0.3907 4 P 0
L 0.417436 0.39267 0.427976 0.39267 4 P 0
L 0.419406 0.39464 0.426006 0.39464 4 P 0
L 0.421376 0.39661 0.424046 0.39661 4 P 0
L 0.410486 0.38232 0.410486 0.38572 4 P 0
L 0.412456 0.38035 0.412456 0.38769 4 P 0
L 0.414426 0.37838 0.414426 0.38966 4 P 0
L 0.416396 0.37641 0.416396 0.39163 4 P 0
L 0.418366 0.37444 0.418366 0.3936 4 P 0
L 0.420336 0.37248 0.420336 0.39556 4 P 0
L 0.422296 0.37051 0.422296 0.39753 4 P 0
L 0.424266 0.37166 0.424266 0.39638 4 P 0
L 0.426236 0.37363 0.426236 0.39441 4 P 0
L 0.428206 0.3756 0.428206 0.39244 4 P 0
L 0.430176 0.37757 0.430176 0.39047 4 P 0
L 0.432146 0.37954 0.432146 0.3885 4 P 0
L 0.434116 0.38151 0.434116 0.38654 4 P 0
L 0.436076 0.38347 0.436076 0.38457 4 P 0
